1	0.472899	1681.461469	210.526275	2.0	1	P41_01
1	0.662265	1624.037398	226.585174	6.0	1	P41_06_notch
1	0.942849	1681.461469	280.640755	2.0	1	P41_01
0	0.823631	0.000000	0.000000	0.0	1	-
1	0.855304	1627.123555	339.543174	6.0	1	P41_04
0	0.499009	0.000000	0.000000	0.0	1	-
1	0.846409	1681.461469	121.766148	2.0	1	P41_01
0	0.953636	0.000000	0.000000	0.0	1	-
0	0.603216	0.000000	0.000000	0.0	1	-
0	0.943456	0.000000	0.000000	0.0	1	-
0	0.885551	0.000000	0.000000	0.0	1	-
1	0.851258	1627.123555	262.237943	6.0	1	P41_04
0	0.987204	0.000000	0.000000	0.0	1	-
0	0.521066	0.000000	0.000000	0.0	1	-
1	0.652844	1627.123555	419.500789	6.0	1	P41_04
1	0.757083	1627.123555	388.861019	6.0	1	P41_04
1	0.481158	1515.968019	40.337964	26.0	1	P41_03
1	0.895709	1515.968019	280.504279	26.0	1	P41_03
0	0.562108	0.000000	0.000000	0.0	1	-
0	0.676113	0.000000	0.000000	0.0	1	-
1	0.416190	1681.461469	24.848194	2.0	1	P41_01
0	0.969259	0.000000	0.000000	0.0	1	-
1	0.633855	1688.166110	263.840700	3.0	1	P41_02
0	0.913691	0.000000	0.000000	0.0	1	-
1	0.675069	1681.461469	44.203700	2.0	1	P41_01
0	0.762652	0.000000	0.000000	0.0	1	-
1	0.577109	1688.166110	68.753976	3.0	1	P41_02
0	0.708279	0.000000	0.000000	0.0	1	-
1	0.605689	1515.968019	249.770187	26.0	1	P41_03
0	0.857149	0.000000	0.000000	0.0	1	-
0	0.963443	0.000000	0.000000	0.0	1	-
0	0.480492	0.000000	0.000000	0.0	1	-
0	0.900966	0.000000	0.000000	0.0	1	-
0	0.854085	0.000000	0.000000	0.0	1	-
1	0.559551	1515.968019	229.861576	26.0	1	P41_03
0	0.543892	0.000000	0.000000	0.0	1	-
1	0.762258	1627.123555	393.140893	6.0	1	P41_04
0	0.635279	0.000000	0.000000	0.0	1	-
1	0.530986	1681.461469	140.849888	2.0	1	P41_01
0	0.526531	0.000000	0.000000	0.0	1	-
0	0.639090	0.000000	0.000000	0.0	1	-
0	0.913106	0.000000	0.000000	0.0	1	-
0	0.430146	0.000000	0.000000	0.0	1	-
0	0.516670	0.000000	0.000000	0.0	1	-
0	0.560723	0.000000	0.000000	0.0	1	-
0	0.919735	0.000000	0.000000	0.0	1	-
0	0.565598	0.000000	0.000000	0.0	1	-
0	0.651970	0.000000	0.000000	0.0	1	-
0	0.525307	0.000000	0.000000	0.0	1	-
0	0.896118	0.000000	0.000000	0.0	1	-
1	0.507877	1501.487343	322.452661	17.0	1	P41_05
0	0.428816	0.000000	0.000000	0.0	1	-
1	0.468674	1624.037398	214.013025	6.0	1	P41_06_notch
0	0.478893	0.000000	0.000000	0.0	1	-
1	0.648127	1501.487343	357.105797	17.0	1	P41_05
1	0.540988	1681.461469	289.658851	2.0	1	P41_01
0	0.671457	0.000000	0.000000	0.0	1	-
0	0.820761	0.000000	0.000000	0.0	1	-
0	0.641033	0.000000	0.000000	0.0	1	-
0	0.465442	0.000000	0.000000	0.0	1	-
0	0.583642	0.000000	0.000000	0.0	1	-
1	0.904005	1501.487343	402.407254	17.0	1	P41_05
1	0.509121	1688.166110	278.788653	3.0	1	P41_02
0	0.862342	0.000000	0.000000	0.0	1	-
1	0.559775	1624.037398	8.174241	6.0	1	P41_06_notch
0	0.596007	0.000000	0.000000	0.0	1	-
1	0.793205	1688.166110	207.249784	3.0	1	P41_02
1	0.460582	1688.166110	91.735823	3.0	1	P41_02
0	0.569325	0.000000	0.000000	0.0	1	-
0	0.600783	0.000000	0.000000	0.0	1	-
0	0.947024	0.000000	0.000000	0.0	1	-
1	0.939340	1515.968019	338.998985	26.0	1	P41_03
1	0.696881	1515.968019	318.069464	26.0	1	P41_03
0	0.532089	0.000000	0.000000	0.0	1	-
1	0.603558	1681.461469	129.334243	2.0	1	P41_01
1	0.902616	1501.487343	109.930703	17.0	1	P41_05
0	0.590318	0.000000	0.000000	0.0	1	-
0	0.757497	0.000000	0.000000	0.0	1	-
0	0.719178	0.000000	0.000000	0.0	1	-
0	0.511030	0.000000	0.000000	0.0	1	-
1	0.468180	1627.123555	69.096451	6.0	1	P41_04
0	0.788046	0.000000	0.000000	0.0	1	-
0	0.888812	0.000000	0.000000	0.0	1	-
1	0.887996	1688.166110	411.934719	3.0	1	P41_02
0	0.698635	0.000000	0.000000	0.0	1	-
1	0.568709	1627.123555	206.426392	6.0	1	P41_04
1	0.522114	1627.123555	54.909386	6.0	1	P41_04
1	0.485733	1627.123555	324.588217	6.0	1	P41_04
1	0.400778	1688.166110	15.809266	3.0	1	P41_02
1	0.754399	1627.123555	314.900863	6.0	1	P41_04
0	0.535111	0.000000	0.000000	0.0	1	-
1	0.990473	1681.461469	186.741959	2.0	1	P41_01
1	0.677700	1501.487343	291.301317	17.0	1	P41_05
1	0.824050	1627.123555	96.187525	6.0	1	P41_04
1	0.731830	1515.968019	392.205882	26.0	1	P41_03
0	0.830161	0.000000	0.000000	0.0	1	-
1	0.730230	1515.968019	185.023549	26.0	1	P41_03
1	0.894687	1501.487343	188.225740	17.0	1	P41_05
0	0.707369	0.000000	0.000000	0.0	1	-
0	0.805756	0.000000	0.000000	0.0	1	-
1	0.852931	1515.968019	156.714822	26.0	1	P41_03
0	0.836086	0.000000	0.000000	0.0	1	-
0	0.827508	0.000000	0.000000	0.0	1	-
0	0.577588	0.000000	0.000000	0.0	1	-
0	0.997017	0.000000	0.000000	0.0	1	-
0	0.524972	0.000000	0.000000	0.0	1	-
1	0.488831	1688.166110	99.938019	3.0	1	P41_02
1	0.894156	1681.461469	257.959652	2.0	1	P41_01
1	0.976248	1681.461469	66.096416	2.0	1	P41_01
1	0.847216	1627.123555	207.012238	6.0	1	P41_04
0	0.997867	0.000000	0.000000	0.0	1	-
0	0.466899	0.000000	0.000000	0.0	1	-
0	0.789940	0.000000	0.000000	0.0	1	-
1	0.817112	1688.166110	211.471125	3.0	1	P41_02
0	0.812771	0.000000	0.000000	0.0	1	-
1	0.497039	1501.487343	223.360158	17.0	1	P41_05
1	0.468770	1627.123555	409.286354	6.0	1	P41_04
0	0.990403	0.000000	0.000000	0.0	1	-
0	0.507206	0.000000	0.000000	0.0	1	-
0	0.732229	0.000000	0.000000	0.0	1	-
1	0.819821	1515.968019	82.145228	26.0	1	P41_03
0	0.537311	0.000000	0.000000	0.0	1	-
0	0.483314	0.000000	0.000000	0.0	1	-
1	0.559307	1681.461469	253.258237	2.0	1	P41_01
1	0.689695	1681.461469	295.515832	2.0	1	P41_01
1	0.505587	1501.487343	346.966704	17.0	1	P41_05
1	0.497944	1515.968019	17.464651	26.0	1	P41_03
0	0.456624	0.000000	0.000000	0.0	1	-
1	0.876882	1627.123555	176.462421	6.0	1	P41_04
0	0.903994	0.000000	0.000000	0.0	1	-
0	0.769237	0.000000	0.000000	0.0	1	-
0	0.845008	0.000000	0.000000	0.0	1	-
1	0.979038	1624.037398	252.586832	6.0	1	P41_06_notch
0	0.819763	0.000000	0.000000	0.0	1	-
0	0.948983	0.000000	0.000000	0.0	1	-
1	0.856679	1681.461469	253.381140	2.0	1	P41_01
1	0.506297	1515.968019	293.325093	26.0	1	P41_03
1	0.477686	1624.037398	269.476434	6.0	1	P41_06_notch
0	0.619212	0.000000	0.000000	0.0	1	-
0	0.619120	0.000000	0.000000	0.0	1	-
0	0.449858	0.000000	0.000000	0.0	1	-
1	0.525926	1627.123555	53.853661	6.0	1	P41_04
0	0.835427	0.000000	0.000000	0.0	1	-
0	0.769339	0.000000	0.000000	0.0	1	-
0	0.455748	0.000000	0.000000	0.0	1	-
0	0.975292	0.000000	0.000000	0.0	1	-
0	0.619431	0.000000	0.000000	0.0	1	-
0	0.637194	0.000000	0.000000	0.0	1	-
1	0.584674	1681.461469	156.822155	2.0	1	P41_01
0	0.461367	0.000000	0.000000	0.0	1	-
1	0.564785	1515.968019	164.507791	26.0	1	P41_03
0	0.432472	0.000000	0.000000	0.0	1	-
0	0.787708	0.000000	0.000000	0.0	1	-
0	0.803485	0.000000	0.000000	0.0	1	-
1	0.480840	1624.037398	51.192170	6.0	1	P41_06_notch
1	0.575253	1688.166110	16.637549	3.0	1	P41_02
1	0.732214	1624.037398	386.212114	6.0	1	P41_06_notch
0	0.414089	0.000000	0.000000	0.0	1	-
0	0.722604	0.000000	0.000000	0.0	1	-
0	0.492839	0.000000	0.000000	0.0	1	-
0	0.476266	0.000000	0.000000	0.0	1	-
0	0.590636	0.000000	0.000000	0.0	1	-
1	0.630018	1501.487343	78.064554	17.0	1	P41_05
0	0.400241	0.000000	0.000000	0.0	1	-
1	0.806183	1501.487343	330.394583	17.0	1	P41_05
1	0.846852	1501.487343	401.477402	17.0	1	P41_05
0	0.609797	0.000000	0.000000	0.0	1	-
1	0.927178	1501.487343	131.074762	17.0	1	P41_05
0	0.778128	0.000000	0.000000	0.0	1	-
0	0.908329	0.000000	0.000000	0.0	1	-
0	0.540121	0.000000	0.000000	0.0	1	-
0	0.836088	0.000000	0.000000	0.0	1	-
1	0.635231	1501.487343	96.629973	17.0	1	P41_05
0	0.716064	0.000000	0.000000	0.0	1	-
0	0.938010	0.000000	0.000000	0.0	1	-
0	0.792438	0.000000	0.000000	0.0	1	-
0	0.507336	0.000000	0.000000	0.0	1	-
0	0.469811	0.000000	0.000000	0.0	1	-
1	0.650387	1627.123555	185.694239	6.0	1	P41_04
0	0.442792	0.000000	0.000000	0.0	1	-
1	0.993613	1681.461469	377.401836	2.0	1	P41_01
0	0.756183	0.000000	0.000000	0.0	1	-
1	0.642269	1688.166110	358.511936	3.0	1	P41_02
1	0.624766	1681.461469	334.055287	2.0	1	P41_01
1	0.591178	1627.123555	143.517534	6.0	1	P41_04
0	0.589138	0.000000	0.000000	0.0	1	-
0	0.468711	0.000000	0.000000	0.0	1	-
1	0.664318	1624.037398	279.071595	6.0	1	P41_06_notch
1	0.986591	1515.968019	283.813835	26.0	1	P41_03
1	0.536160	1627.123555	102.211855	6.0	1	P41_04
0	0.823819	0.000000	0.000000	0.0	1	-
1	0.764983	1515.968019	85.461505	26.0	1	P41_03
0	0.740242	0.000000	0.000000	0.0	1	-
1	0.889969	1688.166110	239.239036	3.0	1	P41_02
0	0.984224	0.000000	0.000000	0.0	1	-
0	0.945929	0.000000	0.000000	0.0	1	-
0	0.905886	0.000000	0.000000	0.0	1	-
1	0.747015	1681.461469	431.004348	2.0	1	P41_01
0	0.926232	0.000000	0.000000	0.0	1	-
0	0.790947	0.000000	0.000000	0.0	1	-
0	0.969258	0.000000	0.000000	0.0	1	-
1	0.763071	1501.487343	321.521003	17.0	1	P41_05
1	0.609686	1681.461469	25.760001	2.0	1	P41_01
1	0.506850	1501.487343	374.580739	17.0	1	P41_05
1	0.844978	1627.123555	365.085197	6.0	1	P41_04
1	0.598315	1624.037398	365.440863	6.0	1	P41_06_notch
0	0.416418	0.000000	0.000000	0.0	1	-
1	0.895963	1624.037398	76.076733	6.0	1	P41_06_notch
0	0.871921	0.000000	0.000000	0.0	1	-
0	0.522234	0.000000	0.000000	0.0	1	-
1	0.753931	1688.166110	118.697315	3.0	1	P41_02
0	0.637369	0.000000	0.000000	0.0	1	-
1	0.520000	1688.166110	293.115006	3.0	1	P41_02
1	0.730049	1515.968019	412.209341	26.0	1	P41_03
0	0.936674	0.000000	0.000000	0.0	1	-
1	0.624095	1501.487343	405.255604	17.0	1	P41_05
0	0.608024	0.000000	0.000000	0.0	1	-
0	0.960797	0.000000	0.000000	0.0	1	-
0	0.917396	0.000000	0.000000	0.0	1	-
1	0.776247	1515.968019	29.063734	26.0	1	P41_03
0	0.759950	0.000000	0.000000	0.0	1	-
1	0.943206	1688.166110	158.619764	3.0	1	P41_02
1	0.833503	1627.123555	23.968530	6.0	1	P41_04
1	0.730535	1624.037398	228.975264	6.0	1	P41_06_notch
0	0.806177	0.000000	0.000000	0.0	1	-
0	0.611901	0.000000	0.000000	0.0	1	-
0	0.428735	0.000000	0.000000	0.0	1	-
1	0.535703	1681.461469	428.430391	2.0	1	P41_01
1	0.857537	1681.461469	387.991740	2.0	1	P41_01
1	0.988482	1681.461469	433.263335	2.0	1	P41_01
1	0.563349	1681.461469	416.729719	2.0	1	P41_01
1	0.859690	1515.968019	87.183590	26.0	1	P41_03
0	0.734292	0.000000	0.000000	0.0	1	-
0	0.602216	0.000000	0.000000	0.0	1	-
1	0.693066	1688.166110	337.537477	3.0	1	P41_02
1	0.694093	1688.166110	98.391142	3.0	1	P41_02
0	0.688835	0.000000	0.000000	0.0	1	-
1	0.838922	1681.461469	40.126704	2.0	1	P41_01
0	0.576913	0.000000	0.000000	0.0	1	-
0	0.815129	0.000000	0.000000	0.0	1	-
0	0.656062	0.000000	0.000000	0.0	1	-
0	0.940327	0.000000	0.000000	0.0	1	-
1	0.998946	1681.461469	283.134172	2.0	1	P41_01
1	0.911900	1515.968019	49.348308	26.0	1	P41_03
1	0.581567	1681.461469	405.199570	2.0	1	P41_01
1	0.471961	1501.487343	73.616390	17.0	1	P41_05
1	0.819076	1688.166110	43.215978	3.0	1	P41_02
1	0.560428	1515.968019	90.906630	26.0	1	P41_03
0	0.845813	0.000000	0.000000	0.0	1	-
0	0.977259	0.000000	0.000000	0.0	1	-
0	0.499011	0.000000	0.000000	0.0	1	-
1	0.757775	1515.968019	112.817850	26.0	1	P41_03
1	0.464072	1501.487343	416.641690	17.0	1	P41_05
1	0.760066	1624.037398	413.725972	6.0	1	P41_06_notch
0	0.608779	0.000000	0.000000	0.0	1	-
1	0.713395	1501.487343	19.286307	17.0	1	P41_05
0	0.511847	0.000000	0.000000	0.0	1	-
1	0.529893	1515.968019	66.703712	26.0	1	P41_03
1	0.782194	1627.123555	369.549849	6.0	1	P41_04
0	0.602565	0.000000	0.000000	0.0	1	-
1	0.758250	1515.968019	4.243129	26.0	1	P41_03
0	0.819306	0.000000	0.000000	0.0	1	-
1	0.790536	1688.166110	400.196859	3.0	1	P41_02
0	0.584043	0.000000	0.000000	0.0	1	-
0	0.632057	0.000000	0.000000	0.0	1	-
1	0.831018	1688.166110	343.693957	3.0	1	P41_02
0	0.402533	0.000000	0.000000	0.0	1	-
0	0.676212	0.000000	0.000000	0.0	1	-
1	0.649114	1681.461469	143.847824	2.0	1	P41_01
1	0.764714	1624.037398	140.199370	6.0	1	P41_06_notch
1	0.901008	1627.123555	312.499566	6.0	1	P41_04
1	0.542456	1627.123555	380.470922	6.0	1	P41_04
1	0.989202	1624.037398	349.433561	6.0	1	P41_06_notch
0	0.635164	0.000000	0.000000	0.0	1	-
0	0.524444	0.000000	0.000000	0.0	1	-
1	0.854510	1627.123555	413.875700	6.0	1	P41_04
1	0.462580	1681.461469	300.691299	2.0	1	P41_01
1	0.877290	1627.123555	160.026370	6.0	1	P41_04
0	0.518242	0.000000	0.000000	0.0	1	-
0	0.832838	0.000000	0.000000	0.0	1	-
0	0.838989	0.000000	0.000000	0.0	1	-
1	0.610546	1627.123555	260.954012	6.0	1	P41_04
1	0.969922	1501.487343	339.575387	17.0	1	P41_05
1	0.458351	1501.487343	158.410850	17.0	1	P41_05
1	0.626955	1688.166110	285.879936	3.0	1	P41_02
0	0.990083	0.000000	0.000000	0.0	1	-
1	0.638662	1688.166110	127.625996	3.0	1	P41_02
0	0.917363	0.000000	0.000000	0.0	1	-
0	0.914459	0.000000	0.000000	0.0	1	-
0	0.881351	0.000000	0.000000	0.0	1	-
0	0.599102	0.000000	0.000000	0.0	1	-
1	0.635390	1624.037398	259.651729	6.0	1	P41_06_notch
0	0.527231	0.000000	0.000000	0.0	1	-
1	0.792074	1688.166110	362.503995	3.0	1	P41_02
1	0.905360	1681.461469	379.321020	2.0	1	P41_01
1	0.688910	1624.037398	191.474471	6.0	1	P41_06_notch
0	0.471972	0.000000	0.000000	0.0	1	-
1	0.643474	1501.487343	21.411032	17.0	1	P41_05
0	0.732364	0.000000	0.000000	0.0	1	-
1	0.998641	1681.461469	198.907492	2.0	1	P41_01
1	0.842482	1688.166110	243.821789	3.0	1	P41_02
0	0.610401	0.000000	0.000000	0.0	1	-
0	0.504888	0.000000	0.000000	0.0	1	-
1	0.576892	1501.487343	354.636787	17.0	1	P41_05
1	0.833780	1624.037398	348.776573	6.0	1	P41_06_notch
0	0.834685	0.000000	0.000000	0.0	1	-
1	0.408644	1688.166110	178.913781	3.0	1	P41_02
1	0.692299	1627.123555	327.454101	6.0	1	P41_04
0	0.669356	0.000000	0.000000	0.0	1	-
0	0.807365	0.000000	0.000000	0.0	1	-
0	0.833891	0.000000	0.000000	0.0	1	-
1	0.975638	1501.487343	176.388526	17.0	1	P41_05
0	0.480401	0.000000	0.000000	0.0	1	-
1	0.523940	1627.123555	335.393354	6.0	1	P41_04
0	0.859989	0.000000	0.000000	0.0	1	-
0	0.871803	0.000000	0.000000	0.0	1	-
0	0.446443	0.000000	0.000000	0.0	1	-
1	0.780424	1501.487343	310.704951	17.0	1	P41_05
1	0.542696	1624.037398	130.104687	6.0	1	P41_06_notch
0	0.971198	0.000000	0.000000	0.0	1	-
0	0.574472	0.000000	0.000000	0.0	1	-
0	0.777746	0.000000	0.000000	0.0	1	-
1	0.544936	1501.487343	257.984033	17.0	1	P41_05
0	0.581324	0.000000	0.000000	0.0	1	-
0	0.887127	0.000000	0.000000	0.0	1	-
0	0.799742	0.000000	0.000000	0.0	1	-
0	0.694285	0.000000	0.000000	0.0	1	-
1	0.977457	1624.037398	149.481294	6.0	1	P41_06_notch
1	0.596625	1501.487343	362.877472	17.0	1	P41_05
0	0.614149	0.000000	0.000000	0.0	1	-
1	0.685989	1515.968019	188.812852	26.0	1	P41_03
1	0.934039	1515.968019	42.537735	26.0	1	P41_03
0	0.966554	0.000000	0.000000	0.0	1	-
1	0.716256	1501.487343	81.301996	17.0	1	P41_05
1	0.502744	1688.166110	366.569801	3.0	1	P41_02
0	0.698615	0.000000	0.000000	0.0	1	-
1	0.435128	1681.461469	392.534654	2.0	1	P41_01
0	0.980393	0.000000	0.000000	0.0	1	-
0	0.533177	0.000000	0.000000	0.0	1	-
0	0.635563	0.000000	0.000000	0.0	1	-
0	0.790585	0.000000	0.000000	0.0	1	-
0	0.779149	0.000000	0.000000	0.0	1	-
1	0.654714	1688.166110	236.709232	3.0	1	P41_02
1	0.585228	1624.037398	29.971763	6.0	1	P41_06_notch
1	0.525408	1624.037398	279.662143	6.0	1	P41_06_notch
1	0.470326	1627.123555	389.556810	6.0	1	P41_04
0	0.558566	0.000000	0.000000	0.0	1	-
1	0.667617	1681.461469	130.675358	2.0	1	P41_01
0	0.975971	0.000000	0.000000	0.0	1	-
1	0.734053	1624.037398	331.868422	6.0	1	P41_06_notch
0	0.484485	0.000000	0.000000	0.0	1	-
0	0.893819	0.000000	0.000000	0.0	1	-
0	0.922471	0.000000	0.000000	0.0	1	-
1	0.928828	1688.166110	377.243162	3.0	1	P41_02
1	0.807331	1624.037398	366.406763	6.0	1	P41_06_notch
0	0.510672	0.000000	0.000000	0.0	1	-
1	0.912804	1515.968019	177.558059	26.0	1	P41_03
1	0.976919	1627.123555	183.738932	6.0	1	P41_04
0	0.812795	0.000000	0.000000	0.0	1	-
0	0.661267	0.000000	0.000000	0.0	1	-
1	0.640920	1501.487343	283.369854	17.0	1	P41_05
0	0.429249	0.000000	0.000000	0.0	1	-
1	0.942077	1624.037398	35.195927	6.0	1	P41_06_notch
0	0.504643	0.000000	0.000000	0.0	1	-
0	0.948252	0.000000	0.000000	0.0	1	-
1	0.469106	1501.487343	200.437652	17.0	1	P41_05
0	0.648286	0.000000	0.000000	0.0	1	-
0	0.953291	0.000000	0.000000	0.0	1	-
1	0.789213	1515.968019	1.526825	26.0	1	P41_03
0	0.855768	0.000000	0.000000	0.0	1	-
1	0.827761	1627.123555	414.900686	6.0	1	P41_04
0	0.735456	0.000000	0.000000	0.0	1	-
1	0.555272	1624.037398	301.418420	6.0	1	P41_06_notch
0	0.855652	0.000000	0.000000	0.0	1	-
0	0.806431	0.000000	0.000000	0.0	1	-
1	0.492458	1501.487343	270.022811	17.0	1	P41_05
1	0.657916	1627.123555	152.054742	6.0	1	P41_04
1	0.842039	1624.037398	141.308311	6.0	1	P41_06_notch
0	0.861064	0.000000	0.000000	0.0	1	-
0	0.829636	0.000000	0.000000	0.0	1	-
0	0.861292	0.000000	0.000000	0.0	1	-
0	0.469755	0.000000	0.000000	0.0	1	-
1	0.528197	1627.123555	280.445909	6.0	1	P41_04
1	0.496806	1688.166110	268.586470	3.0	1	P41_02
0	0.656430	0.000000	0.000000	0.0	1	-
1	0.861450	1515.968019	143.805379	26.0	1	P41_03
0	0.438339	0.000000	0.000000	0.0	1	-
0	0.845104	0.000000	0.000000	0.0	1	-
1	0.507326	1515.968019	167.407307	26.0	1	P41_03
0	0.407075	0.000000	0.000000	0.0	1	-
1	0.954495	1681.461469	318.401775	2.0	1	P41_01
1	0.501306	1501.487343	17.971884	17.0	1	P41_05
0	0.931850	0.000000	0.000000	0.0	1	-
1	0.407568	1688.166110	311.945282	3.0	1	P41_02
0	0.497353	0.000000	0.000000	0.0	1	-
0	0.666090	0.000000	0.000000	0.0	1	-
1	0.978344	1624.037398	152.163987	6.0	1	P41_06_notch
0	0.880653	0.000000	0.000000	0.0	1	-
0	0.817249	0.000000	0.000000	0.0	1	-
1	0.444199	1515.968019	138.953790	26.0	1	P41_03
0	0.691909	0.000000	0.000000	0.0	1	-
1	0.701719	1501.487343	71.640365	17.0	1	P41_05
0	0.503660	0.000000	0.000000	0.0	1	-
0	0.939147	0.000000	0.000000	0.0	1	-
1	0.918499	1501.487343	402.757234	17.0	1	P41_05
0	0.897320	0.000000	0.000000	0.0	1	-
0	0.517659	0.000000	0.000000	0.0	1	-
0	0.992813	0.000000	0.000000	0.0	1	-
1	0.904112	1688.166110	263.638596	3.0	1	P41_02
0	0.916424	0.000000	0.000000	0.0	1	-
0	0.953669	0.000000	0.000000	0.0	1	-
1	0.577561	1627.123555	101.582682	6.0	1	P41_04
0	0.888821	0.000000	0.000000	0.0	1	-
0	0.967408	0.000000	0.000000	0.0	1	-
0	0.808686	0.000000	0.000000	0.0	1	-
1	0.776078	1681.461469	255.697279	2.0	1	P41_01
0	0.948531	0.000000	0.000000	0.0	1	-
0	0.698316	0.000000	0.000000	0.0	1	-
1	0.555303	1624.037398	427.141382	6.0	1	P41_06_notch
1	0.534674	1688.166110	40.477165	3.0	1	P41_02
0	0.478737	0.000000	0.000000	0.0	1	-
1	0.768279	1681.461469	370.219291	2.0	1	P41_01
1	0.734317	1624.037398	112.472825	6.0	1	P41_06_notch
1	0.671112	1627.123555	209.448015	6.0	1	P41_04
1	0.539397	1515.968019	175.165851	26.0	1	P41_03
1	0.694767	1688.166110	353.748049	3.0	1	P41_02
1	0.660496	1501.487343	332.355486	17.0	1	P41_05
0	0.975170	0.000000	0.000000	0.0	1	-
0	0.875560	0.000000	0.000000	0.0	1	-
1	0.900053	1501.487343	20.749744	17.0	1	P41_05
1	0.982260	1515.968019	3.030340	26.0	1	P41_03
1	0.932941	1688.166110	330.566884	3.0	1	P41_02
1	0.785312	1515.968019	185.550817	26.0	1	P41_03
0	0.534688	0.000000	0.000000	0.0	1	-
1	0.492631	1688.166110	382.783075	3.0	1	P41_02
1	0.827338	1688.166110	177.314013	3.0	1	P41_02
1	0.631379	1501.487343	116.739608	17.0	1	P41_05
0	0.469184	0.000000	0.000000	0.0	1	-
0	0.648780	0.000000	0.000000	0.0	1	-
0	0.671671	0.000000	0.000000	0.0	1	-
0	0.606754	0.000000	0.000000	0.0	1	-
0	0.771910	0.000000	0.000000	0.0	1	-
0	0.973421	0.000000	0.000000	0.0	1	-
0	0.450684	0.000000	0.000000	0.0	1	-
1	0.645477	1624.037398	177.995170	6.0	1	P41_06_notch
0	0.602895	0.000000	0.000000	0.0	1	-
0	0.841508	0.000000	0.000000	0.0	1	-
0	0.610237	0.000000	0.000000	0.0	1	-
1	0.739887	1681.461469	351.277551	2.0	1	P41_01
1	0.817198	1515.968019	410.497466	26.0	1	P41_03
0	0.617689	0.000000	0.000000	0.0	1	-
0	0.635618	0.000000	0.000000	0.0	1	-
0	0.803604	0.000000	0.000000	0.0	1	-
1	0.987992	1627.123555	158.127791	6.0	1	P41_04
0	0.769510	0.000000	0.000000	0.0	1	-
0	0.666167	0.000000	0.000000	0.0	1	-
0	0.618171	0.000000	0.000000	0.0	1	-
0	0.520459	0.000000	0.000000	0.0	1	-
0	0.695716	0.000000	0.000000	0.0	1	-
1	0.764242	1688.166110	249.150060	3.0	1	P41_02
1	0.736163	1681.461469	269.619983	2.0	1	P41_01
0	0.483505	0.000000	0.000000	0.0	1	-
0	0.516964	0.000000	0.000000	0.0	1	-
0	0.852549	0.000000	0.000000	0.0	1	-
0	0.564691	0.000000	0.000000	0.0	1	-
0	0.458742	0.000000	0.000000	0.0	1	-
0	0.956933	0.000000	0.000000	0.0	1	-
0	0.454403	0.000000	0.000000	0.0	1	-
1	0.736404	1681.461469	313.323537	2.0	1	P41_01
1	0.863326	1515.968019	317.288556	26.0	1	P41_03
1	0.706131	1627.123555	55.909609	6.0	1	P41_04
0	0.691103	0.000000	0.000000	0.0	1	-
0	0.892529	0.000000	0.000000	0.0	1	-
1	0.994013	1627.123555	184.001853	6.0	1	P41_04
1	0.617884	1624.037398	360.845289	6.0	1	P41_06_notch
0	0.734178	0.000000	0.000000	0.0	1	-
1	0.739761	1627.123555	228.762447	6.0	1	P41_04
0	0.967293	0.000000	0.000000	0.0	1	-
1	0.981695	1624.037398	189.382787	6.0	1	P41_06_notch
0	0.933661	0.000000	0.000000	0.0	1	-
0	0.517164	0.000000	0.000000	0.0	1	-
0	0.433133	0.000000	0.000000	0.0	1	-
0	0.535398	0.000000	0.000000	0.0	1	-
0	0.733275	0.000000	0.000000	0.0	1	-
1	0.995603	1501.487343	91.646851	17.0	1	P41_05
0	0.935347	0.000000	0.000000	0.0	1	-
1	0.697244	1627.123555	217.947840	6.0	1	P41_04
1	0.485493	1501.487343	351.338857	17.0	1	P41_05
0	0.966104	0.000000	0.000000	0.0	1	-
0	0.972924	0.000000	0.000000	0.0	1	-
1	0.978207	1624.037398	392.857817	6.0	1	P41_06_notch
1	0.741663	1624.037398	213.901798	6.0	1	P41_06_notch
1	0.601203	1688.166110	34.542844	3.0	1	P41_02
0	0.918239	0.000000	0.000000	0.0	1	-
0	0.904887	0.000000	0.000000	0.0	1	-
0	0.538067	0.000000	0.000000	0.0	1	-
0	0.746314	0.000000	0.000000	0.0	1	-
1	0.643736	1624.037398	389.008602	6.0	1	P41_06_notch
1	0.643060	1681.461469	238.043032	2.0	1	P41_01
0	0.855109	0.000000	0.000000	0.0	1	-
0	0.537212	0.000000	0.000000	0.0	1	-
1	0.719195	1501.487343	345.806146	17.0	1	P41_05
0	0.677335	0.000000	0.000000	0.0	1	-
0	0.642102	0.000000	0.000000	0.0	1	-
0	0.658833	0.000000	0.000000	0.0	1	-
1	0.567512	1624.037398	223.777984	6.0	1	P41_06_notch
1	0.960240	1624.037398	175.590782	6.0	1	P41_06_notch
1	0.492255	1681.461469	221.177718	2.0	1	P41_01
1	0.962005	1681.461469	266.870695	2.0	1	P41_01
1	0.764135	1627.123555	337.232251	6.0	1	P41_04
0	0.657081	0.000000	0.000000	0.0	1	-
1	0.940198	1515.968019	222.163066	26.0	1	P41_03
1	0.419316	1688.166110	163.524894	3.0	1	P41_02
1	0.632132	1624.037398	258.461982	6.0	1	P41_06_notch
0	0.508289	0.000000	0.000000	0.0	1	-
0	0.872784	0.000000	0.000000	0.0	1	-
1	0.585431	1627.123555	62.600715	6.0	1	P41_04
0	0.959039	0.000000	0.000000	0.0	1	-
0	0.877480	0.000000	0.000000	0.0	1	-
0	0.478796	0.000000	0.000000	0.0	1	-
1	0.751865	1681.461469	255.125182	2.0	1	P41_01
0	0.886442	0.000000	0.000000	0.0	1	-
1	0.890180	1501.487343	107.415994	17.0	1	P41_05
1	0.887356	1627.123555	209.280031	6.0	1	P41_04
0	0.759809	0.000000	0.000000	0.0	1	-
1	0.553836	1627.123555	39.088740	6.0	1	P41_04
1	0.592752	1515.968019	392.436746	26.0	1	P41_03
1	0.790939	1627.123555	367.240342	6.0	1	P41_04
0	0.501547	0.000000	0.000000	0.0	1	-
1	0.950771	1627.123555	28.667382	6.0	1	P41_04
0	0.999824	0.000000	0.000000	0.0	1	-
1	0.529132	1624.037398	241.690631	6.0	1	P41_06_notch
1	0.506015	1688.166110	367.646649	3.0	1	P41_02
1	0.766960	1515.968019	105.844962	26.0	1	P41_03
0	0.702295	0.000000	0.000000	0.0	1	-
1	0.596807	1627.123555	419.626572	6.0	1	P41_04
1	0.913884	1627.123555	70.060485	6.0	1	P41_04
0	0.881441	0.000000	0.000000	0.0	1	-
1	0.595439	1624.037398	22.117988	6.0	1	P41_06_notch
0	0.719128	0.000000	0.000000	0.0	1	-
1	0.754137	1688.166110	93.992574	3.0	1	P41_02
0	0.653655	0.000000	0.000000	0.0	1	-
1	0.560714	1501.487343	363.258077	17.0	1	P41_05
1	0.691493	1515.968019	264.149586	26.0	1	P41_03
0	0.765549	0.000000	0.000000	0.0	1	-
0	0.971324	0.000000	0.000000	0.0	1	-
0	0.908822	0.000000	0.000000	0.0	1	-
0	0.760083	0.000000	0.000000	0.0	1	-
1	0.741866	1627.123555	273.137631	6.0	1	P41_04
0	0.740492	0.000000	0.000000	0.0	1	-
0	0.534361	0.000000	0.000000	0.0	1	-
1	0.547580	1515.968019	368.193534	26.0	1	P41_03
0	0.464117	0.000000	0.000000	0.0	1	-
1	0.402908	1681.461469	67.987536	2.0	1	P41_01
0	0.813532	0.000000	0.000000	0.0	1	-
0	0.420587	0.000000	0.000000	0.0	1	-
0	0.762899	0.000000	0.000000	0.0	1	-
0	0.598280	0.000000	0.000000	0.0	1	-
1	0.751175	1501.487343	27.351165	17.0	1	P41_05
1	0.952089	1501.487343	68.657497	17.0	1	P41_05
0	0.993563	0.000000	0.000000	0.0	1	-
1	0.531468	1681.461469	384.869244	2.0	1	P41_01
1	0.624072	1501.487343	415.549096	17.0	1	P41_05
1	0.694771	1627.123555	151.114945	6.0	1	P41_04
0	0.752117	0.000000	0.000000	0.0	1	-
1	0.654213	1624.037398	305.894809	6.0	1	P41_06_notch
0	0.955292	0.000000	0.000000	0.0	1	-
0	0.921173	0.000000	0.000000	0.0	1	-
1	0.840841	1627.123555	363.491540	6.0	1	P41_04
0	0.655460	0.000000	0.000000	0.0	1	-
0	0.959203	0.000000	0.000000	0.0	1	-
0	0.525637	0.000000	0.000000	0.0	1	-
1	0.867827	1627.123555	425.771310	6.0	1	P41_04
0	0.691010	0.000000	0.000000	0.0	1	-
0	0.711961	0.000000	0.000000	0.0	1	-
0	0.825034	0.000000	0.000000	0.0	1	-
0	0.934116	0.000000	0.000000	0.0	1	-
1	0.623160	1681.461469	37.016514	2.0	1	P41_01
0	0.919645	0.000000	0.000000	0.0	1	-
1	0.525309	1515.968019	318.348152	26.0	1	P41_03
1	0.990815	1624.037398	326.239790	6.0	1	P41_06_notch
1	0.404357	1501.487343	335.062039	17.0	1	P41_05
0	0.691483	0.000000	0.000000	0.0	1	-
1	0.962590	1681.461469	289.836298	2.0	1	P41_01
0	0.950098	0.000000	0.000000	0.0	1	-
0	0.996655	0.000000	0.000000	0.0	1	-
1	0.979252	1515.968019	51.069175	26.0	1	P41_03
0	0.805473	0.000000	0.000000	0.0	1	-
0	0.797372	0.000000	0.000000	0.0	1	-
0	0.651086	0.000000	0.000000	0.0	1	-
0	0.976496	0.000000	0.000000	0.0	1	-
0	0.750280	0.000000	0.000000	0.0	1	-
1	0.762989	1515.968019	266.086438	26.0	1	P41_03
1	0.764168	1624.037398	141.137073	6.0	1	P41_06_notch
1	0.634127	1501.487343	17.378709	17.0	1	P41_05
0	0.900133	0.000000	0.000000	0.0	1	-
0	0.650849	0.000000	0.000000	0.0	1	-
0	0.692139	0.000000	0.000000	0.0	1	-
1	0.667193	1627.123555	270.167048	6.0	1	P41_04
0	0.724238	0.000000	0.000000	0.0	1	-
1	0.988909	1515.968019	142.091684	26.0	1	P41_03
0	0.566933	0.000000	0.000000	0.0	1	-
0	0.449237	0.000000	0.000000	0.0	1	-
1	0.662942	1688.166110	62.527963	3.0	1	P41_02
0	0.767840	0.000000	0.000000	0.0	1	-
1	0.744970	1624.037398	62.256959	6.0	1	P41_06_notch
0	0.415332	0.000000	0.000000	0.0	1	-
0	0.983658	0.000000	0.000000	0.0	1	-
0	0.862387	0.000000	0.000000	0.0	1	-
0	0.913875	0.000000	0.000000	0.0	1	-
0	0.845293	0.000000	0.000000	0.0	1	-
0	0.613484	0.000000	0.000000	0.0	1	-
1	0.802841	1627.123555	424.496937	6.0	1	P41_04
1	0.580777	1681.461469	233.058851	2.0	1	P41_01
1	0.777681	1688.166110	429.250857	3.0	1	P41_02
0	0.669322	0.000000	0.000000	0.0	1	-
1	0.997277	1627.123555	441.583020	6.0	1	P41_04
1	0.615346	1681.461469	277.957476	2.0	1	P41_01
0	0.959564	0.000000	0.000000	0.0	1	-
1	0.935958	1515.968019	116.329458	26.0	1	P41_03
1	0.669788	1688.166110	248.475728	3.0	1	P41_02
1	0.422172	1681.461469	342.824739	2.0	1	P41_01
1	0.887065	1515.968019	361.225376	26.0	1	P41_03
1	0.742772	1688.166110	391.100128	3.0	1	P41_02
1	0.574765	1501.487343	266.191109	17.0	1	P41_05
1	0.601658	1681.461469	52.776420	2.0	1	P41_01
1	0.768502	1624.037398	145.428526	6.0	1	P41_06_notch
1	0.647591	1515.968019	189.469646	26.0	1	P41_03
0	0.680227	0.000000	0.000000	0.0	1	-
0	0.761152	0.000000	0.000000	0.0	1	-
1	0.477044	1501.487343	357.272594	17.0	1	P41_05
1	0.761243	1624.037398	64.136723	6.0	1	P41_06_notch
1	0.827794	1688.166110	442.843049	3.0	1	P41_02
1	0.992547	1501.487343	123.979133	17.0	1	P41_05
1	0.458157	1624.037398	4.813656	6.0	1	P41_06_notch
1	0.663049	1624.037398	305.324471	6.0	1	P41_06_notch
0	0.714869	0.000000	0.000000	0.0	1	-
1	0.984486	1681.461469	273.355630	2.0	1	P41_01
1	0.977395	1501.487343	230.223827	17.0	1	P41_05
0	0.613618	0.000000	0.000000	0.0	1	-
0	0.995158	0.000000	0.000000	0.0	1	-
1	0.524561	1627.123555	197.656574	6.0	1	P41_04
0	0.607592	0.000000	0.000000	0.0	1	-
0	0.497532	0.000000	0.000000	0.0	1	-
1	0.969103	1624.037398	207.724889	6.0	1	P41_06_notch
1	0.423211	1501.487343	327.166434	17.0	1	P41_05
1	0.444968	1515.968019	345.701097	26.0	1	P41_03
0	0.680791	0.000000	0.000000	0.0	1	-
0	0.654311	0.000000	0.000000	0.0	1	-
0	0.505649	0.000000	0.000000	0.0	1	-
0	0.600575	0.000000	0.000000	0.0	1	-
0	0.926909	0.000000	0.000000	0.0	1	-
0	0.964773	0.000000	0.000000	0.0	1	-
0	0.784581	0.000000	0.000000	0.0	1	-
0	0.774927	0.000000	0.000000	0.0	1	-
1	0.758132	1688.166110	227.075456	3.0	1	P41_02
0	0.560307	0.000000	0.000000	0.0	1	-
1	0.423024	1624.037398	389.078101	6.0	1	P41_06_notch
0	0.948631	0.000000	0.000000	0.0	1	-
1	0.646925	1515.968019	81.718622	26.0	1	P41_03
0	0.556017	0.000000	0.000000	0.0	1	-
1	0.895390	1624.037398	94.649180	6.0	1	P41_06_notch
0	0.614813	0.000000	0.000000	0.0	1	-
0	0.598096	0.000000	0.000000	0.0	1	-
1	0.867383	1681.461469	101.478985	2.0	1	P41_01
1	0.604872	1624.037398	144.264743	6.0	1	P41_06_notch
0	0.931630	0.000000	0.000000	0.0	1	-
0	0.667373	0.000000	0.000000	0.0	1	-
1	0.594351	1515.968019	20.014395	26.0	1	P41_03
0	0.612180	0.000000	0.000000	0.0	1	-
0	0.801735	0.000000	0.000000	0.0	1	-
0	0.661961	0.000000	0.000000	0.0	1	-
0	0.562641	0.000000	0.000000	0.0	1	-
1	0.994414	1624.037398	234.541802	6.0	1	P41_06_notch
0	0.797601	0.000000	0.000000	0.0	1	-
1	0.751862	1501.487343	132.633592	17.0	1	P41_05
0	0.981772	0.000000	0.000000	0.0	1	-
0	0.994682	0.000000	0.000000	0.0	1	-
1	0.851012	1681.461469	116.524500	2.0	1	P41_01
1	0.450955	1627.123555	63.984440	6.0	1	P41_04
1	0.511765	1501.487343	97.708994	17.0	1	P41_05
1	0.574630	1688.166110	188.228755	3.0	1	P41_02
1	0.504349	1624.037398	29.573788	6.0	1	P41_06_notch
0	0.873252	0.000000	0.000000	0.0	1	-
0	0.529303	0.000000	0.000000	0.0	1	-
1	0.592519	1624.037398	329.389596	6.0	1	P41_06_notch
0	0.443927	0.000000	0.000000	0.0	1	-
0	0.934319	0.000000	0.000000	0.0	1	-
0	0.859482	0.000000	0.000000	0.0	1	-
1	0.571760	1501.487343	71.830653	17.0	1	P41_05
0	0.792044	0.000000	0.000000	0.0	1	-
0	0.597278	0.000000	0.000000	0.0	1	-
1	0.459620	1624.037398	241.727855	6.0	1	P41_06_notch
0	0.449635	0.000000	0.000000	0.0	1	-
1	0.651418	1501.487343	169.671116	17.0	1	P41_05
0	0.588605	0.000000	0.000000	0.0	1	-
0	0.949586	0.000000	0.000000	0.0	1	-
0	0.876748	0.000000	0.000000	0.0	1	-
0	0.656350	0.000000	0.000000	0.0	1	-
1	0.881327	1624.037398	265.409647	6.0	1	P41_06_notch
0	0.589142	0.000000	0.000000	0.0	1	-
1	0.854568	1681.461469	351.594686	2.0	1	P41_01
1	0.668892	1624.037398	110.021306	6.0	1	P41_06_notch
1	0.746876	1624.037398	162.367329	6.0	1	P41_06_notch
0	0.819987	0.000000	0.000000	0.0	1	-
0	0.511528	0.000000	0.000000	0.0	1	-
0	0.677771	0.000000	0.000000	0.0	1	-
0	0.416851	0.000000	0.000000	0.0	1	-
1	0.402947	1627.123555	362.602336	6.0	1	P41_04
0	0.900420	0.000000	0.000000	0.0	1	-
0	0.506442	0.000000	0.000000	0.0	1	-
0	0.871482	0.000000	0.000000	0.0	1	-
0	0.736390	0.000000	0.000000	0.0	1	-
0	0.708334	0.000000	0.000000	0.0	1	-
0	0.736292	0.000000	0.000000	0.0	1	-
0	0.951200	0.000000	0.000000	0.0	1	-
1	0.874448	1515.968019	188.245260	26.0	1	P41_03
0	0.930682	0.000000	0.000000	0.0	1	-
1	0.509975	1624.037398	128.301847	6.0	1	P41_06_notch
1	0.792223	1688.166110	434.422820	3.0	1	P41_02
1	0.973751	1624.037398	343.488908	6.0	1	P41_06_notch
0	0.615412	0.000000	0.000000	0.0	1	-
0	0.885933	0.000000	0.000000	0.0	1	-
0	0.955229	0.000000	0.000000	0.0	1	-
1	0.494262	1627.123555	194.440500	6.0	1	P41_04
0	0.740175	0.000000	0.000000	0.0	1	-
1	0.766210	1624.037398	430.253152	6.0	1	P41_06_notch
1	0.942859	1688.166110	201.139704	3.0	1	P41_02
1	0.422461	1515.968019	134.442332	26.0	1	P41_03
1	0.999894	1501.487343	364.609057	17.0	1	P41_05
1	0.407195	1515.968019	321.085975	26.0	1	P41_03
0	0.820006	0.000000	0.000000	0.0	1	-
1	0.921690	1627.123555	127.891114	6.0	1	P41_04
0	0.484660	0.000000	0.000000	0.0	1	-
1	0.750294	1624.037398	33.426328	6.0	1	P41_06_notch
0	0.641533	0.000000	0.000000	0.0	1	-
1	0.475930	1624.037398	71.680627	6.0	1	P41_06_notch
0	0.877525	0.000000	0.000000	0.0	1	-
1	0.527167	1501.487343	23.474291	17.0	1	P41_05
0	0.861378	0.000000	0.000000	0.0	1	-
1	0.821204	1681.461469	144.994524	2.0	1	P41_01
0	0.642758	0.000000	0.000000	0.0	1	-
1	0.655287	1681.461469	49.417328	2.0	1	P41_01
1	0.646254	1515.968019	135.787123	26.0	1	P41_03
1	0.525027	1627.123555	226.411506	6.0	1	P41_04
0	0.484061	0.000000	0.000000	0.0	1	-
0	0.785254	0.000000	0.000000	0.0	1	-
0	0.510101	0.000000	0.000000	0.0	1	-
0	0.437272	0.000000	0.000000	0.0	1	-
0	0.451628	0.000000	0.000000	0.0	1	-
0	0.461119	0.000000	0.000000	0.0	1	-
0	0.452060	0.000000	0.000000	0.0	1	-
0	0.767692	0.000000	0.000000	0.0	1	-
1	0.734823	1624.037398	208.130243	6.0	1	P41_06_notch
0	0.850504	0.000000	0.000000	0.0	1	-
0	0.456956	0.000000	0.000000	0.0	1	-
0	0.539398	0.000000	0.000000	0.0	1	-
1	0.780368	1515.968019	8.180369	26.0	1	P41_03
1	0.767105	1627.123555	61.863974	6.0	1	P41_04
1	0.732627	1688.166110	133.306938	3.0	1	P41_02
1	0.978551	1624.037398	344.403204	6.0	1	P41_06_notch
0	0.897250	0.000000	0.000000	0.0	1	-
0	0.532385	0.000000	0.000000	0.0	1	-
0	0.541117	0.000000	0.000000	0.0	1	-
1	0.789710	1681.461469	20.086337	2.0	1	P41_01
1	0.641545	1627.123555	112.094509	6.0	1	P41_04
0	0.562433	0.000000	0.000000	0.0	1	-
1	0.863410	1515.968019	143.091303	26.0	1	P41_03
0	0.727529	0.000000	0.000000	0.0	1	-
0	0.805370	0.000000	0.000000	0.0	1	-
0	0.450020	0.000000	0.000000	0.0	1	-
1	0.575771	1681.461469	412.823919	2.0	1	P41_01
0	0.760802	0.000000	0.000000	0.0	1	-
0	0.426176	0.000000	0.000000	0.0	1	-
0	0.592146	0.000000	0.000000	0.0	1	-
1	0.760227	1515.968019	66.957169	26.0	1	P41_03
1	0.862420	1624.037398	226.588470	6.0	1	P41_06_notch
1	0.645791	1681.461469	125.517492	2.0	1	P41_01
0	0.936563	0.000000	0.000000	0.0	1	-
1	0.563940	1688.166110	428.744187	3.0	1	P41_02
0	0.404351	0.000000	0.000000	0.0	1	-
0	0.645991	0.000000	0.000000	0.0	1	-
1	0.850418	1624.037398	278.608566	6.0	1	P41_06_notch
1	0.846658	1627.123555	237.610377	6.0	1	P41_04
1	0.827225	1501.487343	5.195736	17.0	1	P41_05
1	0.476135	1681.461469	71.685983	2.0	1	P41_01
0	0.813318	0.000000	0.000000	0.0	1	-
1	0.563017	1624.037398	441.875569	6.0	1	P41_06_notch
1	0.914086	1501.487343	417.733410	17.0	1	P41_05
0	0.899797	0.000000	0.000000	0.0	1	-
0	0.798753	0.000000	0.000000	0.0	1	-
1	0.533678	1688.166110	180.356732	3.0	1	P41_02
1	0.899791	1501.487343	150.552306	17.0	1	P41_05
0	0.464923	0.000000	0.000000	0.0	1	-
0	0.653346	0.000000	0.000000	0.0	1	-
1	0.503566	1515.968019	313.193950	26.0	1	P41_03
1	0.766412	1501.487343	136.811876	17.0	1	P41_05
0	0.863278	0.000000	0.000000	0.0	1	-
0	0.417105	0.000000	0.000000	0.0	1	-
0	0.954576	0.000000	0.000000	0.0	1	-
1	0.602720	1501.487343	125.576149	17.0	1	P41_05
0	0.825397	0.000000	0.000000	0.0	1	-
0	0.958331	0.000000	0.000000	0.0	1	-
0	0.476190	0.000000	0.000000	0.0	1	-
0	0.465649	0.000000	0.000000	0.0	1	-
0	0.800769	0.000000	0.000000	0.0	1	-
0	0.707917	0.000000	0.000000	0.0	1	-
1	0.934476	1515.968019	320.686164	26.0	1	P41_03
0	0.793650	0.000000	0.000000	0.0	1	-
1	0.568031	1501.487343	135.352063	17.0	1	P41_05
1	0.877411	1688.166110	286.910261	3.0	1	P41_02
0	0.430737	0.000000	0.000000	0.0	1	-
0	0.481074	0.000000	0.000000	0.0	1	-
0	0.930833	0.000000	0.000000	0.0	1	-
1	0.479111	1681.461469	381.167735	2.0	1	P41_01
1	0.663742	1501.487343	325.329129	17.0	1	P41_05
0	0.806656	0.000000	0.000000	0.0	1	-
1	0.690696	1681.461469	211.895543	2.0	1	P41_01
0	0.981838	0.000000	0.000000	0.0	1	-
0	0.542552	0.000000	0.000000	0.0	1	-
0	0.629232	0.000000	0.000000	0.0	1	-
1	0.785799	1627.123555	76.212342	6.0	1	P41_04
1	0.433211	1681.461469	307.283118	2.0	1	P41_01
1	0.927492	1627.123555	391.753405	6.0	1	P41_04
0	0.448129	0.000000	0.000000	0.0	1	-
0	0.881279	0.000000	0.000000	0.0	1	-
0	0.529043	0.000000	0.000000	0.0	1	-
0	0.863020	0.000000	0.000000	0.0	1	-
1	0.689761	1681.461469	24.856697	2.0	1	P41_01
0	0.639109	0.000000	0.000000	0.0	1	-
0	0.555710	0.000000	0.000000	0.0	1	-
0	0.495477	0.000000	0.000000	0.0	1	-
0	0.609913	0.000000	0.000000	0.0	1	-
1	0.693432	1501.487343	339.877809	17.0	1	P41_05
1	0.427737	1627.123555	29.897285	6.0	1	P41_04
1	0.736668	1501.487343	209.793756	17.0	1	P41_05
1	0.732882	1627.123555	334.949918	6.0	1	P41_04
1	0.461636	1501.487343	338.857211	17.0	1	P41_05
0	0.766544	0.000000	0.000000	0.0	1	-
1	0.651799	1624.037398	150.267433	6.0	1	P41_06_notch
0	0.537302	0.000000	0.000000	0.0	1	-
0	0.528917	0.000000	0.000000	0.0	1	-
0	0.627016	0.000000	0.000000	0.0	1	-
0	0.921340	0.000000	0.000000	0.0	1	-
1	0.571387	1501.487343	408.071817	17.0	1	P41_05
1	0.447859	1515.968019	251.087771	26.0	1	P41_03
0	0.804192	0.000000	0.000000	0.0	1	-
1	0.446175	1624.037398	122.932882	6.0	1	P41_06_notch
1	0.496329	1688.166110	339.308435	3.0	1	P41_02
0	0.927890	0.000000	0.000000	0.0	1	-
1	0.605699	1501.487343	210.567229	17.0	1	P41_05
1	0.797916	1681.461469	18.536437	2.0	1	P41_01
1	0.885466	1501.487343	145.865508	17.0	1	P41_05
1	0.783580	1688.166110	265.612140	3.0	1	P41_02
1	0.983878	1624.037398	138.612966	6.0	1	P41_06_notch
0	0.606861	0.000000	0.000000	0.0	1	-
1	0.846086	1627.123555	156.252716	6.0	1	P41_04
0	0.713347	0.000000	0.000000	0.0	1	-
0	0.449149	0.000000	0.000000	0.0	1	-
0	0.839903	0.000000	0.000000	0.0	1	-
1	0.452665	1515.968019	239.211402	26.0	1	P41_03
0	0.643342	0.000000	0.000000	0.0	1	-
0	0.920280	0.000000	0.000000	0.0	1	-
1	0.805757	1681.461469	416.268302	2.0	1	P41_01
0	0.847069	0.000000	0.000000	0.0	1	-
0	0.944084	0.000000	0.000000	0.0	1	-
0	0.630122	0.000000	0.000000	0.0	1	-
1	0.715118	1627.123555	377.346154	6.0	1	P41_04
0	0.760262	0.000000	0.000000	0.0	1	-
1	0.491228	1688.166110	188.704481	3.0	1	P41_02
1	0.988349	1627.123555	139.188043	6.0	1	P41_04
0	0.536487	0.000000	0.000000	0.0	1	-
1	0.838346	1624.037398	141.878313	6.0	1	P41_06_notch
1	0.719683	1624.037398	377.880782	6.0	1	P41_06_notch
1	0.517135	1515.968019	279.380177	26.0	1	P41_03
1	0.578443	1681.461469	339.006962	2.0	1	P41_01
1	0.680764	1627.123555	1.598007	6.0	1	P41_04
0	0.636158	0.000000	0.000000	0.0	1	-
0	0.598387	0.000000	0.000000	0.0	1	-
1	0.703703	1688.166110	257.586825	3.0	1	P41_02
0	0.942785	0.000000	0.000000	0.0	1	-
1	0.430538	1624.037398	186.226441	6.0	1	P41_06_notch
0	0.445318	0.000000	0.000000	0.0	1	-
0	0.723560	0.000000	0.000000	0.0	1	-
0	0.728424	0.000000	0.000000	0.0	1	-
0	0.998506	0.000000	0.000000	0.0	1	-
1	0.757953	1627.123555	384.812033	6.0	1	P41_04
0	0.884202	0.000000	0.000000	0.0	1	-
1	0.605862	1515.968019	149.134033	26.0	1	P41_03
1	0.843451	1501.487343	248.295373	17.0	1	P41_05
0	0.938450	0.000000	0.000000	0.0	1	-
0	0.761565	0.000000	0.000000	0.0	1	-
1	0.967218	1688.166110	303.204244	3.0	1	P41_02
1	0.502661	1501.487343	415.000144	17.0	1	P41_05
1	0.909090	1627.123555	289.599793	6.0	1	P41_04
1	0.948567	1501.487343	162.049375	17.0	1	P41_05
0	0.651038	0.000000	0.000000	0.0	1	-
0	0.876549	0.000000	0.000000	0.0	1	-
1	0.495619	1515.968019	39.782575	26.0	1	P41_03
0	0.979940	0.000000	0.000000	0.0	1	-
1	0.411296	1624.037398	309.705843	6.0	1	P41_06_notch
1	0.807236	1501.487343	53.143066	17.0	1	P41_05
0	0.852528	0.000000	0.000000	0.0	1	-
1	0.956692	1501.487343	162.116576	17.0	1	P41_05
0	0.981345	0.000000	0.000000	0.0	1	-
0	0.661404	0.000000	0.000000	0.0	1	-
0	0.838873	0.000000	0.000000	0.0	1	-
1	0.730749	1627.123555	76.609744	6.0	1	P41_04
1	0.519445	1681.461469	297.712409	2.0	1	P41_01
1	0.430780	1515.968019	379.770614	26.0	1	P41_03
0	0.753302	0.000000	0.000000	0.0	1	-
1	0.697454	1681.461469	429.020478	2.0	1	P41_01
0	0.877192	0.000000	0.000000	0.0	1	-
1	0.785416	1501.487343	124.357446	17.0	1	P41_05
0	0.704927	0.000000	0.000000	0.0	1	-
0	0.920582	0.000000	0.000000	0.0	1	-
0	0.473492	0.000000	0.000000	0.0	1	-
1	0.927134	1501.487343	357.832240	17.0	1	P41_05
1	0.444841	1688.166110	153.455832	3.0	1	P41_02
1	0.864617	1501.487343	166.070514	17.0	1	P41_05
1	0.585361	1624.037398	219.586969	6.0	1	P41_06_notch
1	0.947570	1681.461469	212.500444	2.0	1	P41_01
0	0.637101	0.000000	0.000000	0.0	1	-
0	0.681380	0.000000	0.000000	0.0	1	-
1	0.776576	1627.123555	166.658122	6.0	1	P41_04
0	0.613617	0.000000	0.000000	0.0	1	-
0	0.585488	0.000000	0.000000	0.0	1	-
0	0.782499	0.000000	0.000000	0.0	1	-
0	0.718393	0.000000	0.000000	0.0	1	-
1	0.541707	1515.968019	263.697574	26.0	1	P41_03
0	0.986817	0.000000	0.000000	0.0	1	-
0	0.540234	0.000000	0.000000	0.0	1	-
0	0.657294	0.000000	0.000000	0.0	1	-
0	0.634539	0.000000	0.000000	0.0	1	-
0	0.951494	0.000000	0.000000	0.0	1	-
1	0.518690	1681.461469	411.470139	2.0	1	P41_01
1	0.729173	1501.487343	49.775713	17.0	1	P41_05
1	0.553918	1681.461469	398.347869	2.0	1	P41_01
0	0.999336	0.000000	0.000000	0.0	1	-
0	0.555772	0.000000	0.000000	0.0	1	-
1	0.437982	1688.166110	340.505516	3.0	1	P41_02
1	0.615863	1501.487343	161.178821	17.0	1	P41_05
0	0.768528	0.000000	0.000000	0.0	1	-
0	0.444120	0.000000	0.000000	0.0	1	-
1	0.978216	1501.487343	125.097756	17.0	1	P41_05
0	0.753780	0.000000	0.000000	0.0	1	-
1	0.741915	1627.123555	266.226967	6.0	1	P41_04
1	0.931114	1624.037398	229.136882	6.0	1	P41_06_notch
0	0.659748	0.000000	0.000000	0.0	1	-
0	0.589600	0.000000	0.000000	0.0	1	-
0	0.517342	0.000000	0.000000	0.0	1	-
0	0.942368	0.000000	0.000000	0.0	1	-
0	0.748238	0.000000	0.000000	0.0	1	-
1	0.732057	1515.968019	180.848359	26.0	1	P41_03
1	0.982143	1501.487343	75.073888	17.0	1	P41_05
0	0.511591	0.000000	0.000000	0.0	1	-
1	0.789157	1624.037398	294.554272	6.0	1	P41_06_notch
1	0.601051	1501.487343	201.697269	17.0	1	P41_05
0	0.659861	0.000000	0.000000	0.0	1	-
0	0.754400	0.000000	0.000000	0.0	1	-
0	0.684862	0.000000	0.000000	0.0	1	-
0	0.859147	0.000000	0.000000	0.0	1	-
1	0.919083	1624.037398	378.433699	6.0	1	P41_06_notch
1	0.958542	1681.461469	59.177915	2.0	1	P41_01
0	0.666008	0.000000	0.000000	0.0	1	-
0	0.747914	0.000000	0.000000	0.0	1	-
0	0.783401	0.000000	0.000000	0.0	1	-
0	0.947189	0.000000	0.000000	0.0	1	-
1	0.886919	1624.037398	275.091487	6.0	1	P41_06_notch
1	0.921751	1624.037398	26.590232	6.0	1	P41_06_notch
1	0.739964	1501.487343	356.323385	17.0	1	P41_05
1	0.583836	1688.166110	106.838462	3.0	1	P41_02
0	0.452475	0.000000	0.000000	0.0	1	-
0	0.609007	0.000000	0.000000	0.0	1	-
0	0.953402	0.000000	0.000000	0.0	1	-
0	0.680255	0.000000	0.000000	0.0	1	-
1	0.515446	1681.461469	428.398392	2.0	1	P41_01
0	0.509911	0.000000	0.000000	0.0	1	-
0	0.943687	0.000000	0.000000	0.0	1	-
1	0.442630	1688.166110	110.860550	3.0	1	P41_02
1	0.682126	1688.166110	121.346603	3.0	1	P41_02
0	0.417382	0.000000	0.000000	0.0	1	-
1	0.407355	1515.968019	184.765594	26.0	1	P41_03
1	0.500720	1624.037398	48.559087	6.0	1	P41_06_notch
0	0.703450	0.000000	0.000000	0.0	1	-
1	0.665160	1515.968019	128.864358	26.0	1	P41_03
1	0.461292	1688.166110	139.223404	3.0	1	P41_02
1	0.974320	1515.968019	16.421486	26.0	1	P41_03
1	0.863936	1515.968019	252.326432	26.0	1	P41_03
1	0.733854	1515.968019	385.801740	26.0	1	P41_03
0	0.572513	0.000000	0.000000	0.0	1	-
0	0.843435	0.000000	0.000000	0.0	1	-
1	0.443917	1624.037398	39.692044	6.0	1	P41_06_notch
0	0.446126	0.000000	0.000000	0.0	1	-
1	0.905731	1624.037398	188.769988	6.0	1	P41_06_notch
1	0.537133	1681.461469	29.300454	2.0	1	P41_01
1	0.480444	1515.968019	292.918380	26.0	1	P41_03
1	0.449625	1681.461469	196.859786	2.0	1	P41_01
0	0.566213	0.000000	0.000000	0.0	1	-
1	0.841861	1501.487343	335.252405	17.0	1	P41_05
