1	0.572048	1627.123555	220.986292	6.0	1	P41_04
1	0.843389	1624.037398	181.862950	6.0	1	P41_06_notch
0	0.734806	0.000000	0.000000	0.0	1	-
0	0.974934	0.000000	0.000000	0.0	1	-
1	0.837679	1627.123555	210.053797	6.0	1	P41_04
1	0.653995	1515.968019	363.795372	26.0	1	P41_03
1	0.406915	1688.166110	40.181015	3.0	1	P41_02
0	0.781490	0.000000	0.000000	0.0	1	-
1	0.453966	1681.461469	212.622996	2.0	1	P41_01
0	0.574877	0.000000	0.000000	0.0	1	-
1	0.917684	1515.968019	174.079417	26.0	1	P41_03
0	0.798223	0.000000	0.000000	0.0	1	-
1	0.551304	1681.461469	14.682625	2.0	1	P41_01
1	0.972563	1681.461469	266.810533	2.0	1	P41_01
0	0.519060	0.000000	0.000000	0.0	1	-
0	0.571125	0.000000	0.000000	0.0	1	-
1	0.575835	1688.166110	166.347978	3.0	1	P41_02
0	0.628923	0.000000	0.000000	0.0	1	-
1	0.490763	1627.123555	375.272945	6.0	1	P41_04
1	0.924773	1515.968019	388.318775	26.0	1	P41_03
1	0.571640	1681.461469	20.845327	2.0	1	P41_01
0	0.982650	0.000000	0.000000	0.0	1	-
1	0.462544	1624.037398	382.374391	6.0	1	P41_06_notch
0	0.769044	0.000000	0.000000	0.0	1	-
0	0.970430	0.000000	0.000000	0.0	1	-
0	0.430930	0.000000	0.000000	0.0	1	-
1	0.917464	1624.037398	117.751529	6.0	1	P41_06_notch
1	0.901705	1501.487343	60.210745	17.0	1	P41_05
0	0.733969	0.000000	0.000000	0.0	1	-
1	0.982389	1624.037398	157.210990	6.0	1	P41_06_notch
1	0.420917	1681.461469	430.622786	2.0	1	P41_01
1	0.969614	1688.166110	435.564634	3.0	1	P41_02
1	0.737416	1688.166110	105.849217	3.0	1	P41_02
0	0.970678	0.000000	0.000000	0.0	1	-
1	0.614162	1515.968019	14.728611	26.0	1	P41_03
0	0.660476	0.000000	0.000000	0.0	1	-
1	0.866424	1515.968019	36.887976	26.0	1	P41_03
0	0.729316	0.000000	0.000000	0.0	1	-
0	0.753508	0.000000	0.000000	0.0	1	-
0	0.469522	0.000000	0.000000	0.0	1	-
0	0.711742	0.000000	0.000000	0.0	1	-
0	0.444357	0.000000	0.000000	0.0	1	-
0	0.578375	0.000000	0.000000	0.0	1	-
0	0.811900	0.000000	0.000000	0.0	1	-
1	0.881563	1501.487343	176.626738	17.0	1	P41_05
1	0.404580	1681.461469	74.205099	2.0	1	P41_01
1	0.739504	1501.487343	219.993889	17.0	1	P41_05
0	0.641571	0.000000	0.000000	0.0	1	-
0	0.504363	0.000000	0.000000	0.0	1	-
1	0.761598	1681.461469	28.577465	2.0	1	P41_01
1	0.470722	1501.487343	228.147144	17.0	1	P41_05
1	0.570980	1501.487343	164.010729	17.0	1	P41_05
1	0.908520	1681.461469	346.789882	2.0	1	P41_01
1	0.813826	1501.487343	219.106019	17.0	1	P41_05
0	0.910382	0.000000	0.000000	0.0	1	-
0	0.983988	0.000000	0.000000	0.0	1	-
0	0.913039	0.000000	0.000000	0.0	1	-
0	0.488863	0.000000	0.000000	0.0	1	-
1	0.764826	1624.037398	149.979129	6.0	1	P41_06_notch
1	0.916522	1688.166110	228.412097	3.0	1	P41_02
1	0.652662	1515.968019	107.871552	26.0	1	P41_03
1	0.441204	1501.487343	36.266737	17.0	1	P41_05
1	0.972451	1624.037398	116.569876	6.0	1	P41_06_notch
0	0.659145	0.000000	0.000000	0.0	1	-
1	0.776748	1627.123555	25.472192	6.0	1	P41_04
1	0.995555	1681.461469	38.720347	2.0	1	P41_01
0	0.636979	0.000000	0.000000	0.0	1	-
1	0.758952	1501.487343	378.388117	17.0	1	P41_05
0	0.480988	0.000000	0.000000	0.0	1	-
0	0.584688	0.000000	0.000000	0.0	1	-
0	0.958538	0.000000	0.000000	0.0	1	-
0	0.980416	0.000000	0.000000	0.0	1	-
1	0.453257	1681.461469	105.543024	2.0	1	P41_01
0	0.896372	0.000000	0.000000	0.0	1	-
1	0.549202	1688.166110	15.913230	3.0	1	P41_02
0	0.655861	0.000000	0.000000	0.0	1	-
0	0.402809	0.000000	0.000000	0.0	1	-
0	0.425983	0.000000	0.000000	0.0	1	-
1	0.799334	1627.123555	279.612279	6.0	1	P41_04
0	0.556890	0.000000	0.000000	0.0	1	-
1	0.755019	1624.037398	82.947286	6.0	1	P41_06_notch
0	0.959236	0.000000	0.000000	0.0	1	-
1	0.629878	1688.166110	293.796253	3.0	1	P41_02
1	0.659429	1501.487343	82.144222	17.0	1	P41_05
0	0.753436	0.000000	0.000000	0.0	1	-
1	0.660092	1681.461469	420.168730	2.0	1	P41_01
1	0.996990	1688.166110	57.819578	3.0	1	P41_02
0	0.645426	0.000000	0.000000	0.0	1	-
1	0.502381	1688.166110	205.465982	3.0	1	P41_02
1	0.783400	1627.123555	205.483757	6.0	1	P41_04
0	0.588166	0.000000	0.000000	0.0	1	-
0	0.729420	0.000000	0.000000	0.0	1	-
1	0.752019	1624.037398	302.294166	6.0	1	P41_06_notch
0	0.922476	0.000000	0.000000	0.0	1	-
1	0.499540	1681.461469	270.062430	2.0	1	P41_01
0	0.954728	0.000000	0.000000	0.0	1	-
1	0.819078	1501.487343	369.798528	17.0	1	P41_05
1	0.523519	1688.166110	211.949133	3.0	1	P41_02
1	0.880111	1688.166110	224.397609	3.0	1	P41_02
0	0.927409	0.000000	0.000000	0.0	1	-
0	0.700958	0.000000	0.000000	0.0	1	-
0	0.589687	0.000000	0.000000	0.0	1	-
0	0.720588	0.000000	0.000000	0.0	1	-
1	0.849649	1627.123555	261.162961	6.0	1	P41_04
1	0.980558	1627.123555	272.313166	6.0	1	P41_04
0	0.824386	0.000000	0.000000	0.0	1	-
1	0.513367	1627.123555	395.778227	6.0	1	P41_04
1	0.656116	1624.037398	265.382938	6.0	1	P41_06_notch
1	0.790159	1624.037398	49.960029	6.0	1	P41_06_notch
0	0.659659	0.000000	0.000000	0.0	1	-
0	0.423667	0.000000	0.000000	0.0	1	-
1	0.523148	1515.968019	31.462394	26.0	1	P41_03
1	0.743052	1501.487343	198.564929	17.0	1	P41_05
1	0.625846	1515.968019	362.009871	26.0	1	P41_03
0	0.608269	0.000000	0.000000	0.0	1	-
1	0.777060	1624.037398	337.613175	6.0	1	P41_06_notch
1	0.876741	1624.037398	161.525817	6.0	1	P41_06_notch
1	0.805733	1624.037398	144.233800	6.0	1	P41_06_notch
1	0.734162	1501.487343	108.282358	17.0	1	P41_05
0	0.666270	0.000000	0.000000	0.0	1	-
1	0.968094	1624.037398	92.647997	6.0	1	P41_06_notch
1	0.930197	1688.166110	168.006520	3.0	1	P41_02
1	0.584453	1627.123555	329.339554	6.0	1	P41_04
0	0.966215	0.000000	0.000000	0.0	1	-
0	0.787463	0.000000	0.000000	0.0	1	-
1	0.991350	1681.461469	109.899707	2.0	1	P41_01
0	0.729843	0.000000	0.000000	0.0	1	-
1	0.503379	1627.123555	343.775403	6.0	1	P41_04
0	0.913715	0.000000	0.000000	0.0	1	-
0	0.886490	0.000000	0.000000	0.0	1	-
1	0.498453	1681.461469	123.862363	2.0	1	P41_01
1	0.912339	1501.487343	83.870192	17.0	1	P41_05
0	0.519885	0.000000	0.000000	0.0	1	-
1	0.886935	1681.461469	313.332218	2.0	1	P41_01
0	0.983324	0.000000	0.000000	0.0	1	-
0	0.670405	0.000000	0.000000	0.0	1	-
1	0.407789	1688.166110	232.231190	3.0	1	P41_02
0	0.729634	0.000000	0.000000	0.0	1	-
1	0.441788	1515.968019	163.077442	26.0	1	P41_03
1	0.711401	1627.123555	348.202804	6.0	1	P41_04
1	0.910592	1624.037398	441.000298	6.0	1	P41_06_notch
0	0.662118	0.000000	0.000000	0.0	1	-
0	0.553916	0.000000	0.000000	0.0	1	-
1	0.442665	1681.461469	184.358080	2.0	1	P41_01
1	0.422217	1624.037398	59.087301	6.0	1	P41_06_notch
1	0.960364	1688.166110	396.107451	3.0	1	P41_02
0	0.698867	0.000000	0.000000	0.0	1	-
1	0.517192	1501.487343	133.773870	17.0	1	P41_05
1	0.719693	1515.968019	81.092850	26.0	1	P41_03
0	0.521676	0.000000	0.000000	0.0	1	-
1	0.681106	1501.487343	24.680277	17.0	1	P41_05
1	0.504533	1688.166110	112.438497	3.0	1	P41_02
0	0.744759	0.000000	0.000000	0.0	1	-
0	0.815761	0.000000	0.000000	0.0	1	-
0	0.646118	0.000000	0.000000	0.0	1	-
0	0.786652	0.000000	0.000000	0.0	1	-
1	0.665863	1501.487343	415.161018	17.0	1	P41_05
1	0.716520	1688.166110	280.584521	3.0	1	P41_02
0	0.529197	0.000000	0.000000	0.0	1	-
1	0.669482	1627.123555	163.709595	6.0	1	P41_04
1	0.913264	1688.166110	290.066521	3.0	1	P41_02
1	0.692310	1681.461469	91.404348	2.0	1	P41_01
0	0.950760	0.000000	0.000000	0.0	1	-
0	0.516333	0.000000	0.000000	0.0	1	-
0	0.711211	0.000000	0.000000	0.0	1	-
1	0.541705	1681.461469	59.217291	2.0	1	P41_01
1	0.444040	1688.166110	140.568088	3.0	1	P41_02
0	0.496082	0.000000	0.000000	0.0	1	-
1	0.898640	1515.968019	86.955949	26.0	1	P41_03
1	0.722495	1501.487343	60.350825	17.0	1	P41_05
1	0.848339	1515.968019	400.367837	26.0	1	P41_03
1	0.726435	1688.166110	301.692165	3.0	1	P41_02
0	0.499108	0.000000	0.000000	0.0	1	-
0	0.977115	0.000000	0.000000	0.0	1	-
1	0.734798	1627.123555	199.502163	6.0	1	P41_04
0	0.542895	0.000000	0.000000	0.0	1	-
0	0.477679	0.000000	0.000000	0.0	1	-
1	0.408746	1501.487343	18.195398	17.0	1	P41_05
1	0.776491	1515.968019	192.387811	26.0	1	P41_03
1	0.732840	1501.487343	337.101042	17.0	1	P41_05
0	0.609742	0.000000	0.000000	0.0	1	-
1	0.721396	1515.968019	104.407302	26.0	1	P41_03
1	0.808262	1624.037398	157.459674	6.0	1	P41_06_notch
0	0.721501	0.000000	0.000000	0.0	1	-
1	0.615308	1624.037398	52.241908	6.0	1	P41_06_notch
1	0.946216	1501.487343	403.343026	17.0	1	P41_05
0	0.938916	0.000000	0.000000	0.0	1	-
1	0.477151	1627.123555	151.397399	6.0	1	P41_04
0	0.451463	0.000000	0.000000	0.0	1	-
0	0.770558	0.000000	0.000000	0.0	1	-
1	0.547304	1624.037398	431.836557	6.0	1	P41_06_notch
0	0.455344	0.000000	0.000000	0.0	1	-
0	0.592941	0.000000	0.000000	0.0	1	-
0	0.874152	0.000000	0.000000	0.0	1	-
0	0.693388	0.000000	0.000000	0.0	1	-
0	0.817253	0.000000	0.000000	0.0	1	-
0	0.688527	0.000000	0.000000	0.0	1	-
1	0.991283	1501.487343	37.806638	17.0	1	P41_05
1	0.650577	1501.487343	267.785419	17.0	1	P41_05
1	0.709773	1501.487343	142.825222	17.0	1	P41_05
0	0.619261	0.000000	0.000000	0.0	1	-
0	0.624123	0.000000	0.000000	0.0	1	-
1	0.927851	1688.166110	446.427844	3.0	1	P41_02
1	0.513988	1627.123555	212.434046	6.0	1	P41_04
1	0.968715	1515.968019	373.616159	26.0	1	P41_03
0	0.604420	0.000000	0.000000	0.0	1	-
0	0.857299	0.000000	0.000000	0.0	1	-
0	0.665506	0.000000	0.000000	0.0	1	-
0	0.754159	0.000000	0.000000	0.0	1	-
0	0.803781	0.000000	0.000000	0.0	1	-
1	0.645945	1688.166110	193.138057	3.0	1	P41_02
0	0.467095	0.000000	0.000000	0.0	1	-
0	0.468031	0.000000	0.000000	0.0	1	-
1	0.418352	1501.487343	59.595983	17.0	1	P41_05
1	0.636224	1681.461469	219.561320	2.0	1	P41_01
1	0.493322	1688.166110	272.352861	3.0	1	P41_02
1	0.905728	1688.166110	352.207303	3.0	1	P41_02
0	0.701640	0.000000	0.000000	0.0	1	-
0	0.477235	0.000000	0.000000	0.0	1	-
1	0.605596	1688.166110	84.916402	3.0	1	P41_02
1	0.682266	1515.968019	154.740405	26.0	1	P41_03
0	0.700122	0.000000	0.000000	0.0	1	-
1	0.433464	1681.461469	195.558300	2.0	1	P41_01
0	0.948132	0.000000	0.000000	0.0	1	-
0	0.965133	0.000000	0.000000	0.0	1	-
1	0.801568	1681.461469	16.548561	2.0	1	P41_01
1	0.543198	1627.123555	63.418799	6.0	1	P41_04
0	0.832598	0.000000	0.000000	0.0	1	-
1	0.754868	1688.166110	66.880834	3.0	1	P41_02
1	0.870219	1688.166110	281.025063	3.0	1	P41_02
1	0.860727	1515.968019	163.088950	26.0	1	P41_03
1	0.415185	1627.123555	267.967681	6.0	1	P41_04
0	0.653651	0.000000	0.000000	0.0	1	-
1	0.658118	1624.037398	275.192881	6.0	1	P41_06_notch
1	0.478223	1515.968019	177.571735	26.0	1	P41_03
1	0.725901	1681.461469	385.590217	2.0	1	P41_01
0	0.837143	0.000000	0.000000	0.0	1	-
0	0.815918	0.000000	0.000000	0.0	1	-
0	0.821894	0.000000	0.000000	0.0	1	-
0	0.488021	0.000000	0.000000	0.0	1	-
0	0.857530	0.000000	0.000000	0.0	1	-
0	0.646888	0.000000	0.000000	0.0	1	-
0	0.647481	0.000000	0.000000	0.0	1	-
0	0.640593	0.000000	0.000000	0.0	1	-
0	0.613415	0.000000	0.000000	0.0	1	-
1	0.547558	1501.487343	113.232811	17.0	1	P41_05
1	0.588996	1624.037398	78.338814	6.0	1	P41_06_notch
1	0.658532	1688.166110	188.361412	3.0	1	P41_02
1	0.792706	1681.461469	385.321759	2.0	1	P41_01
0	0.561965	0.000000	0.000000	0.0	1	-
1	0.625536	1624.037398	96.100888	6.0	1	P41_06_notch
0	0.478990	0.000000	0.000000	0.0	1	-
0	0.819374	0.000000	0.000000	0.0	1	-
1	0.761212	1681.461469	375.404441	2.0	1	P41_01
1	0.627562	1501.487343	203.337780	17.0	1	P41_05
1	0.481764	1515.968019	212.916113	26.0	1	P41_03
1	0.944812	1627.123555	2.937563	6.0	1	P41_04
0	0.839406	0.000000	0.000000	0.0	1	-
1	0.674117	1624.037398	174.751336	6.0	1	P41_06_notch
0	0.681090	0.000000	0.000000	0.0	1	-
0	0.833632	0.000000	0.000000	0.0	1	-
0	0.477167	0.000000	0.000000	0.0	1	-
1	0.517402	1688.166110	335.722634	3.0	1	P41_02
1	0.828961	1515.968019	63.428003	26.0	1	P41_03
1	0.508840	1624.037398	218.859277	6.0	1	P41_06_notch
0	0.809287	0.000000	0.000000	0.0	1	-
0	0.952715	0.000000	0.000000	0.0	1	-
1	0.995765	1627.123555	180.276552	6.0	1	P41_04
0	0.857125	0.000000	0.000000	0.0	1	-
0	0.619803	0.000000	0.000000	0.0	1	-
0	0.851423	0.000000	0.000000	0.0	1	-
0	0.417743	0.000000	0.000000	0.0	1	-
1	0.782937	1627.123555	95.952844	6.0	1	P41_04
1	0.453686	1688.166110	344.859690	3.0	1	P41_02
0	0.720209	0.000000	0.000000	0.0	1	-
1	0.890134	1501.487343	88.832917	17.0	1	P41_05
1	0.656982	1688.166110	137.362811	3.0	1	P41_02
1	0.944686	1688.166110	252.233073	3.0	1	P41_02
1	0.924042	1515.968019	81.999421	26.0	1	P41_03
0	0.678003	0.000000	0.000000	0.0	1	-
1	0.608663	1515.968019	254.744244	26.0	1	P41_03
0	0.457258	0.000000	0.000000	0.0	1	-
0	0.594752	0.000000	0.000000	0.0	1	-
1	0.483955	1681.461469	147.825224	2.0	1	P41_01
0	0.413195	0.000000	0.000000	0.0	1	-
0	0.544038	0.000000	0.000000	0.0	1	-
0	0.632891	0.000000	0.000000	0.0	1	-
1	0.691737	1515.968019	321.950867	26.0	1	P41_03
0	0.762353	0.000000	0.000000	0.0	1	-
1	0.697132	1627.123555	328.096840	6.0	1	P41_04
1	0.873811	1515.968019	285.025838	26.0	1	P41_03
1	0.582506	1624.037398	189.568680	6.0	1	P41_06_notch
0	0.574034	0.000000	0.000000	0.0	1	-
0	0.562865	0.000000	0.000000	0.0	1	-
0	0.402174	0.000000	0.000000	0.0	1	-
1	0.697896	1627.123555	420.151822	6.0	1	P41_04
0	0.400823	0.000000	0.000000	0.0	1	-
1	0.481904	1688.166110	23.515963	3.0	1	P41_02
0	0.891645	0.000000	0.000000	0.0	1	-
1	0.520230	1624.037398	6.977894	6.0	1	P41_06_notch
0	0.764096	0.000000	0.000000	0.0	1	-
1	0.735036	1501.487343	207.749460	17.0	1	P41_05
0	0.915045	0.000000	0.000000	0.0	1	-
0	0.531127	0.000000	0.000000	0.0	1	-
1	0.447574	1688.166110	337.907116	3.0	1	P41_02
1	0.726820	1681.461469	23.787496	2.0	1	P41_01
0	0.873087	0.000000	0.000000	0.0	1	-
1	0.415437	1624.037398	9.840618	6.0	1	P41_06_notch
0	0.630015	0.000000	0.000000	0.0	1	-
0	0.577515	0.000000	0.000000	0.0	1	-
0	0.819810	0.000000	0.000000	0.0	1	-
1	0.940217	1688.166110	58.799160	3.0	1	P41_02
1	0.624786	1681.461469	289.593476	2.0	1	P41_01
1	0.411034	1515.968019	270.787943	26.0	1	P41_03
1	0.433413	1515.968019	67.810121	26.0	1	P41_03
0	0.857564	0.000000	0.000000	0.0	1	-
0	0.406028	0.000000	0.000000	0.0	1	-
1	0.763800	1688.166110	438.974588	3.0	1	P41_02
0	0.425598	0.000000	0.000000	0.0	1	-
0	0.451463	0.000000	0.000000	0.0	1	-
0	0.754952	0.000000	0.000000	0.0	1	-
1	0.509246	1501.487343	65.321120	17.0	1	P41_05
1	0.699554	1624.037398	3.751846	6.0	1	P41_06_notch
1	0.705355	1624.037398	242.357403	6.0	1	P41_06_notch
0	0.655471	0.000000	0.000000	0.0	1	-
0	0.995036	0.000000	0.000000	0.0	1	-
1	0.867579	1681.461469	37.627079	2.0	1	P41_01
1	0.829277	1501.487343	206.268253	17.0	1	P41_05
0	0.954350	0.000000	0.000000	0.0	1	-
0	0.544210	0.000000	0.000000	0.0	1	-
0	0.732550	0.000000	0.000000	0.0	1	-
1	0.947169	1627.123555	6.439064	6.0	1	P41_04
1	0.914004	1688.166110	379.394158	3.0	1	P41_02
0	0.681838	0.000000	0.000000	0.0	1	-
0	0.438039	0.000000	0.000000	0.0	1	-
1	0.995481	1624.037398	209.889336	6.0	1	P41_06_notch
0	0.912061	0.000000	0.000000	0.0	1	-
0	0.819717	0.000000	0.000000	0.0	1	-
0	0.673710	0.000000	0.000000	0.0	1	-
0	0.759508	0.000000	0.000000	0.0	1	-
0	0.828364	0.000000	0.000000	0.0	1	-
1	0.737273	1515.968019	35.788057	26.0	1	P41_03
1	0.878156	1627.123555	1.479132	6.0	1	P41_04
0	0.655622	0.000000	0.000000	0.0	1	-
0	0.420635	0.000000	0.000000	0.0	1	-
1	0.690519	1688.166110	163.136683	3.0	1	P41_02
1	0.897375	1501.487343	312.170981	17.0	1	P41_05
1	0.688433	1624.037398	334.322109	6.0	1	P41_06_notch
1	0.536176	1688.166110	388.921140	3.0	1	P41_02
1	0.683622	1627.123555	61.225335	6.0	1	P41_04
0	0.848617	0.000000	0.000000	0.0	1	-
1	0.490800	1515.968019	52.467280	26.0	1	P41_03
1	0.403891	1624.037398	384.942744	6.0	1	P41_06_notch
1	0.509190	1681.461469	299.516138	2.0	1	P41_01
1	0.693403	1501.487343	409.022307	17.0	1	P41_05
0	0.776550	0.000000	0.000000	0.0	1	-
1	0.983451	1688.166110	227.289015	3.0	1	P41_02
0	0.874973	0.000000	0.000000	0.0	1	-
1	0.903774	1681.461469	391.512344	2.0	1	P41_01
0	0.542802	0.000000	0.000000	0.0	1	-
1	0.823953	1681.461469	433.772886	2.0	1	P41_01
0	0.629854	0.000000	0.000000	0.0	1	-
0	0.694230	0.000000	0.000000	0.0	1	-
1	0.561994	1624.037398	392.514591	6.0	1	P41_06_notch
1	0.978504	1681.461469	81.851066	2.0	1	P41_01
1	0.853318	1624.037398	66.730567	6.0	1	P41_06_notch
1	0.981535	1515.968019	39.478245	26.0	1	P41_03
1	0.985830	1501.487343	3.516391	17.0	1	P41_05
1	0.664278	1624.037398	440.076226	6.0	1	P41_06_notch
1	0.421003	1501.487343	180.341945	17.0	1	P41_05
1	0.774623	1627.123555	241.310342	6.0	1	P41_04
1	0.586110	1515.968019	305.775649	26.0	1	P41_03
0	0.931633	0.000000	0.000000	0.0	1	-
1	0.658905	1627.123555	282.711114	6.0	1	P41_04
1	0.408149	1627.123555	291.396121	6.0	1	P41_04
1	0.914459	1688.166110	339.240278	3.0	1	P41_02
1	0.496014	1624.037398	5.314484	6.0	1	P41_06_notch
1	0.525614	1624.037398	343.722429	6.0	1	P41_06_notch
0	0.938888	0.000000	0.000000	0.0	1	-
0	0.830253	0.000000	0.000000	0.0	1	-
0	0.898561	0.000000	0.000000	0.0	1	-
0	0.590332	0.000000	0.000000	0.0	1	-
1	0.674137	1501.487343	405.374951	17.0	1	P41_05
0	0.982120	0.000000	0.000000	0.0	1	-
0	0.412571	0.000000	0.000000	0.0	1	-
0	0.764915	0.000000	0.000000	0.0	1	-
1	0.479082	1515.968019	368.330046	26.0	1	P41_03
1	0.785053	1688.166110	8.389751	3.0	1	P41_02
1	0.847988	1501.487343	54.903350	17.0	1	P41_05
0	0.975873	0.000000	0.000000	0.0	1	-
0	0.477655	0.000000	0.000000	0.0	1	-
0	0.534385	0.000000	0.000000	0.0	1	-
0	0.786228	0.000000	0.000000	0.0	1	-
0	0.611360	0.000000	0.000000	0.0	1	-
0	0.925313	0.000000	0.000000	0.0	1	-
1	0.815368	1688.166110	39.884488	3.0	1	P41_02
1	0.697457	1624.037398	5.024567	6.0	1	P41_06_notch
1	0.988956	1515.968019	240.515287	26.0	1	P41_03
1	0.656873	1627.123555	117.987736	6.0	1	P41_04
0	0.907855	0.000000	0.000000	0.0	1	-
1	0.402894	1681.461469	123.513202	2.0	1	P41_01
1	0.992508	1515.968019	223.522585	26.0	1	P41_03
1	0.873172	1501.487343	351.414436	17.0	1	P41_05
0	0.445011	0.000000	0.000000	0.0	1	-
1	0.857114	1624.037398	279.401349	6.0	1	P41_06_notch
0	0.969136	0.000000	0.000000	0.0	1	-
1	0.430559	1624.037398	258.545348	6.0	1	P41_06_notch
1	0.857848	1515.968019	363.055289	26.0	1	P41_03
0	0.471064	0.000000	0.000000	0.0	1	-
0	0.995895	0.000000	0.000000	0.0	1	-
0	0.786785	0.000000	0.000000	0.0	1	-
0	0.530269	0.000000	0.000000	0.0	1	-
1	0.699727	1515.968019	104.282116	26.0	1	P41_03
1	0.774580	1627.123555	267.275890	6.0	1	P41_04
1	0.992606	1627.123555	172.245226	6.0	1	P41_04
1	0.909747	1681.461469	366.341196	2.0	1	P41_01
0	0.436543	0.000000	0.000000	0.0	1	-
1	0.557037	1688.166110	108.179333	3.0	1	P41_02
1	0.794770	1624.037398	372.851702	6.0	1	P41_06_notch
0	0.569070	0.000000	0.000000	0.0	1	-
1	0.983885	1515.968019	259.321727	26.0	1	P41_03
1	0.632790	1501.487343	239.492512	17.0	1	P41_05
1	0.552106	1627.123555	344.662986	6.0	1	P41_04
0	0.412050	0.000000	0.000000	0.0	1	-
0	0.536231	0.000000	0.000000	0.0	1	-
1	0.821417	1515.968019	353.979676	26.0	1	P41_03
0	0.772512	0.000000	0.000000	0.0	1	-
1	0.400161	1627.123555	116.131089	6.0	1	P41_04
1	0.625596	1501.487343	343.948762	17.0	1	P41_05
0	0.751285	0.000000	0.000000	0.0	1	-
0	0.927682	0.000000	0.000000	0.0	1	-
0	0.562503	0.000000	0.000000	0.0	1	-
1	0.498816	1627.123555	244.465535	6.0	1	P41_04
0	0.738096	0.000000	0.000000	0.0	1	-
0	0.834385	0.000000	0.000000	0.0	1	-
0	0.455896	0.000000	0.000000	0.0	1	-
1	0.619969	1681.461469	240.794129	2.0	1	P41_01
1	0.664021	1515.968019	42.796783	26.0	1	P41_03
1	0.445060	1681.461469	99.592908	2.0	1	P41_01
1	0.673012	1624.037398	162.490494	6.0	1	P41_06_notch
1	0.567332	1624.037398	141.924171	6.0	1	P41_06_notch
0	0.627568	0.000000	0.000000	0.0	1	-
0	0.615492	0.000000	0.000000	0.0	1	-
0	0.709653	0.000000	0.000000	0.0	1	-
1	0.517613	1515.968019	190.700513	26.0	1	P41_03
0	0.634796	0.000000	0.000000	0.0	1	-
1	0.526885	1501.487343	380.127297	17.0	1	P41_05
0	0.754283	0.000000	0.000000	0.0	1	-
0	0.467962	0.000000	0.000000	0.0	1	-
0	0.951954	0.000000	0.000000	0.0	1	-
1	0.566007	1515.968019	421.050324	26.0	1	P41_03
1	0.660163	1681.461469	370.325061	2.0	1	P41_01
0	0.616396	0.000000	0.000000	0.0	1	-
0	0.903179	0.000000	0.000000	0.0	1	-
1	0.582030	1501.487343	81.520397	17.0	1	P41_05
0	0.675387	0.000000	0.000000	0.0	1	-
0	0.915926	0.000000	0.000000	0.0	1	-
0	0.999010	0.000000	0.000000	0.0	1	-
0	0.722172	0.000000	0.000000	0.0	1	-
0	0.879008	0.000000	0.000000	0.0	1	-
0	0.791879	0.000000	0.000000	0.0	1	-
0	0.862841	0.000000	0.000000	0.0	1	-
0	0.645738	0.000000	0.000000	0.0	1	-
0	0.481943	0.000000	0.000000	0.0	1	-
1	0.947769	1515.968019	233.664942	26.0	1	P41_03
1	0.582481	1627.123555	150.567975	6.0	1	P41_04
1	0.900333	1501.487343	144.099662	17.0	1	P41_05
0	0.467136	0.000000	0.000000	0.0	1	-
0	0.682571	0.000000	0.000000	0.0	1	-
1	0.983147	1681.461469	168.496066	2.0	1	P41_01
0	0.517350	0.000000	0.000000	0.0	1	-
1	0.480976	1515.968019	263.734427	26.0	1	P41_03
0	0.853717	0.000000	0.000000	0.0	1	-
0	0.714494	0.000000	0.000000	0.0	1	-
1	0.603350	1515.968019	288.451985	26.0	1	P41_03
0	0.986150	0.000000	0.000000	0.0	1	-
1	0.660637	1681.461469	233.993172	2.0	1	P41_01
1	0.597354	1515.968019	234.889003	26.0	1	P41_03
1	0.956010	1515.968019	75.158013	26.0	1	P41_03
1	0.574684	1681.461469	51.015029	2.0	1	P41_01
1	0.653473	1624.037398	440.951472	6.0	1	P41_06_notch
1	0.581222	1515.968019	360.713401	26.0	1	P41_03
0	0.604867	0.000000	0.000000	0.0	1	-
1	0.710883	1501.487343	35.989219	17.0	1	P41_05
1	0.672825	1688.166110	38.553356	3.0	1	P41_02
0	0.828078	0.000000	0.000000	0.0	1	-
0	0.693299	0.000000	0.000000	0.0	1	-
0	0.431781	0.000000	0.000000	0.0	1	-
1	0.895949	1627.123555	55.941381	6.0	1	P41_04
0	0.581642	0.000000	0.000000	0.0	1	-
1	0.796633	1501.487343	187.238174	17.0	1	P41_05
1	0.721820	1501.487343	26.080613	17.0	1	P41_05
0	0.912942	0.000000	0.000000	0.0	1	-
1	0.812781	1681.461469	320.362033	2.0	1	P41_01
0	0.832963	0.000000	0.000000	0.0	1	-
0	0.983147	0.000000	0.000000	0.0	1	-
1	0.408772	1501.487343	73.829074	17.0	1	P41_05
0	0.792717	0.000000	0.000000	0.0	1	-
0	0.470301	0.000000	0.000000	0.0	1	-
1	0.451237	1501.487343	316.287585	17.0	1	P41_05
0	0.633178	0.000000	0.000000	0.0	1	-
1	0.891647	1688.166110	161.099963	3.0	1	P41_02
0	0.956521	0.000000	0.000000	0.0	1	-
1	0.660497	1627.123555	135.130589	6.0	1	P41_04
0	0.611932	0.000000	0.000000	0.0	1	-
1	0.461761	1627.123555	238.952309	6.0	1	P41_04
0	0.886744	0.000000	0.000000	0.0	1	-
0	0.562718	0.000000	0.000000	0.0	1	-
0	0.488134	0.000000	0.000000	0.0	1	-
0	0.679122	0.000000	0.000000	0.0	1	-
1	0.797066	1688.166110	303.553903	3.0	1	P41_02
1	0.605216	1681.461469	381.682055	2.0	1	P41_01
1	0.916491	1515.968019	105.746551	26.0	1	P41_03
0	0.470055	0.000000	0.000000	0.0	1	-
0	0.564795	0.000000	0.000000	0.0	1	-
1	0.531710	1515.968019	208.058162	26.0	1	P41_03
1	0.512359	1501.487343	188.966871	17.0	1	P41_05
0	0.959963	0.000000	0.000000	0.0	1	-
0	0.948346	0.000000	0.000000	0.0	1	-
1	0.774816	1681.461469	6.407492	2.0	1	P41_01
0	0.577131	0.000000	0.000000	0.0	1	-
1	0.557461	1515.968019	51.919188	26.0	1	P41_03
0	0.416126	0.000000	0.000000	0.0	1	-
1	0.667063	1681.461469	388.685828	2.0	1	P41_01
0	0.646340	0.000000	0.000000	0.0	1	-
0	0.671052	0.000000	0.000000	0.0	1	-
0	0.767356	0.000000	0.000000	0.0	1	-
1	0.532046	1624.037398	316.588566	6.0	1	P41_06_notch
1	0.868641	1624.037398	126.209305	6.0	1	P41_06_notch
1	0.616654	1515.968019	45.327402	26.0	1	P41_03
0	0.684241	0.000000	0.000000	0.0	1	-
1	0.849509	1681.461469	411.582035	2.0	1	P41_01
0	0.405840	0.000000	0.000000	0.0	1	-
0	0.784541	0.000000	0.000000	0.0	1	-
1	0.544491	1624.037398	293.502837	6.0	1	P41_06_notch
1	0.996085	1688.166110	357.461615	3.0	1	P41_02
0	0.865913	0.000000	0.000000	0.0	1	-
1	0.981099	1515.968019	166.785561	26.0	1	P41_03
0	0.556129	0.000000	0.000000	0.0	1	-
1	0.764323	1627.123555	142.869936	6.0	1	P41_04
1	0.594620	1515.968019	65.390660	26.0	1	P41_03
1	0.698661	1501.487343	372.407933	17.0	1	P41_05
0	0.732551	0.000000	0.000000	0.0	1	-
0	0.439387	0.000000	0.000000	0.0	1	-
0	0.741293	0.000000	0.000000	0.0	1	-
1	0.638436	1627.123555	302.845260	6.0	1	P41_04
0	0.678378	0.000000	0.000000	0.0	1	-
1	0.743030	1627.123555	391.350367	6.0	1	P41_04
1	0.500543	1624.037398	189.516755	6.0	1	P41_06_notch
1	0.843424	1501.487343	92.582380	17.0	1	P41_05
0	0.860959	0.000000	0.000000	0.0	1	-
1	0.464392	1515.968019	167.705493	26.0	1	P41_03
1	0.761280	1681.461469	232.899369	2.0	1	P41_01
1	0.950070	1627.123555	152.541680	6.0	1	P41_04
0	0.612328	0.000000	0.000000	0.0	1	-
1	0.851208	1501.487343	118.273027	17.0	1	P41_05
0	0.599464	0.000000	0.000000	0.0	1	-
1	0.939224	1501.487343	317.387264	17.0	1	P41_05
1	0.709086	1627.123555	305.555984	6.0	1	P41_04
0	0.440884	0.000000	0.000000	0.0	1	-
1	0.825075	1515.968019	24.297538	26.0	1	P41_03
0	0.515280	0.000000	0.000000	0.0	1	-
0	0.560684	0.000000	0.000000	0.0	1	-
0	0.735898	0.000000	0.000000	0.0	1	-
1	0.444299	1688.166110	246.543334	3.0	1	P41_02
0	0.457734	0.000000	0.000000	0.0	1	-
1	0.502848	1688.166110	0.074387	3.0	1	P41_02
1	0.911414	1501.487343	319.502452	17.0	1	P41_05
0	0.984776	0.000000	0.000000	0.0	1	-
1	0.821830	1627.123555	58.234813	6.0	1	P41_04
1	0.846219	1688.166110	174.771942	3.0	1	P41_02
0	0.836045	0.000000	0.000000	0.0	1	-
0	0.931325	0.000000	0.000000	0.0	1	-
0	0.925331	0.000000	0.000000	0.0	1	-
0	0.559214	0.000000	0.000000	0.0	1	-
1	0.511715	1681.461469	49.978119	2.0	1	P41_01
0	0.640998	0.000000	0.000000	0.0	1	-
1	0.410695	1688.166110	331.184568	3.0	1	P41_02
1	0.504481	1515.968019	322.274589	26.0	1	P41_03
1	0.687932	1688.166110	273.769680	3.0	1	P41_02
0	0.534351	0.000000	0.000000	0.0	1	-
1	0.915113	1515.968019	228.428518	26.0	1	P41_03
0	0.763016	0.000000	0.000000	0.0	1	-
1	0.782788	1627.123555	271.145605	6.0	1	P41_04
1	0.864307	1501.487343	173.180677	17.0	1	P41_05
0	0.939552	0.000000	0.000000	0.0	1	-
0	0.941560	0.000000	0.000000	0.0	1	-
0	0.817706	0.000000	0.000000	0.0	1	-
1	0.889353	1688.166110	251.616833	3.0	1	P41_02
0	0.666753	0.000000	0.000000	0.0	1	-
1	0.597996	1515.968019	286.516591	26.0	1	P41_03
1	0.567561	1627.123555	185.693475	6.0	1	P41_04
1	0.723188	1624.037398	133.025143	6.0	1	P41_06_notch
1	0.491884	1624.037398	245.637039	6.0	1	P41_06_notch
1	0.823942	1624.037398	289.579357	6.0	1	P41_06_notch
1	0.512103	1688.166110	88.495959	3.0	1	P41_02
0	0.499825	0.000000	0.000000	0.0	1	-
1	0.942690	1688.166110	153.284770	3.0	1	P41_02
0	0.662534	0.000000	0.000000	0.0	1	-
0	0.553429	0.000000	0.000000	0.0	1	-
0	0.711882	0.000000	0.000000	0.0	1	-
0	0.580962	0.000000	0.000000	0.0	1	-
0	0.708668	0.000000	0.000000	0.0	1	-
0	0.885855	0.000000	0.000000	0.0	1	-
1	0.423244	1501.487343	10.863126	17.0	1	P41_05
0	0.528200	0.000000	0.000000	0.0	1	-
1	0.527502	1624.037398	188.061823	6.0	1	P41_06_notch
0	0.979330	0.000000	0.000000	0.0	1	-
1	0.884818	1624.037398	35.437694	6.0	1	P41_06_notch
1	0.898145	1681.461469	392.707840	2.0	1	P41_01
1	0.465472	1681.461469	439.416959	2.0	1	P41_01
1	0.523473	1515.968019	93.351617	26.0	1	P41_03
1	0.773656	1501.487343	219.871658	17.0	1	P41_05
0	0.821319	0.000000	0.000000	0.0	1	-
1	0.581127	1501.487343	161.532963	17.0	1	P41_05
0	0.914872	0.000000	0.000000	0.0	1	-
0	0.917313	0.000000	0.000000	0.0	1	-
0	0.720803	0.000000	0.000000	0.0	1	-
1	0.995147	1501.487343	188.005658	17.0	1	P41_05
1	0.817077	1627.123555	185.800523	6.0	1	P41_04
0	0.839634	0.000000	0.000000	0.0	1	-
1	0.904966	1681.461469	328.415164	2.0	1	P41_01
1	0.670818	1515.968019	274.282424	26.0	1	P41_03
1	0.680790	1515.968019	192.558459	26.0	1	P41_03
0	0.886687	0.000000	0.000000	0.0	1	-
0	0.848768	0.000000	0.000000	0.0	1	-
1	0.484316	1681.461469	159.474776	2.0	1	P41_01
1	0.781287	1688.166110	243.286373	3.0	1	P41_02
1	0.641425	1515.968019	265.695942	26.0	1	P41_03
0	0.553213	0.000000	0.000000	0.0	1	-
1	0.884906	1627.123555	239.644878	6.0	1	P41_04
1	0.966943	1515.968019	375.430265	26.0	1	P41_03
0	0.510578	0.000000	0.000000	0.0	1	-
0	0.943042	0.000000	0.000000	0.0	1	-
0	0.823478	0.000000	0.000000	0.0	1	-
0	0.511007	0.000000	0.000000	0.0	1	-
1	0.729621	1681.461469	120.330057	2.0	1	P41_01
1	0.444546	1501.487343	200.102763	17.0	1	P41_05
0	0.766650	0.000000	0.000000	0.0	1	-
0	0.936093	0.000000	0.000000	0.0	1	-
0	0.610645	0.000000	0.000000	0.0	1	-
1	0.553671	1627.123555	408.125425	6.0	1	P41_04
0	0.741819	0.000000	0.000000	0.0	1	-
0	0.788955	0.000000	0.000000	0.0	1	-
0	0.991844	0.000000	0.000000	0.0	1	-
0	0.865429	0.000000	0.000000	0.0	1	-
0	0.527349	0.000000	0.000000	0.0	1	-
1	0.773732	1501.487343	260.495061	17.0	1	P41_05
1	0.533695	1681.461469	270.214175	2.0	1	P41_01
0	0.766868	0.000000	0.000000	0.0	1	-
1	0.496146	1688.166110	80.452403	3.0	1	P41_02
0	0.560525	0.000000	0.000000	0.0	1	-
0	0.502429	0.000000	0.000000	0.0	1	-
0	0.729883	0.000000	0.000000	0.0	1	-
0	0.461644	0.000000	0.000000	0.0	1	-
1	0.927490	1688.166110	411.023479	3.0	1	P41_02
1	0.912239	1501.487343	339.164251	17.0	1	P41_05
1	0.800638	1624.037398	169.559843	6.0	1	P41_06_notch
0	0.798894	0.000000	0.000000	0.0	1	-
0	0.520481	0.000000	0.000000	0.0	1	-
1	0.854394	1501.487343	284.593937	17.0	1	P41_05
1	0.508189	1515.968019	184.116141	26.0	1	P41_03
1	0.404216	1501.487343	139.435700	17.0	1	P41_05
1	0.900067	1624.037398	121.331101	6.0	1	P41_06_notch
0	0.922804	0.000000	0.000000	0.0	1	-
1	0.442106	1501.487343	205.703596	17.0	1	P41_05
1	0.552653	1681.461469	240.673678	2.0	1	P41_01
1	0.655985	1688.166110	129.627028	3.0	1	P41_02
0	0.579102	0.000000	0.000000	0.0	1	-
0	0.602283	0.000000	0.000000	0.0	1	-
1	0.437321	1515.968019	264.659995	26.0	1	P41_03
0	0.985037	0.000000	0.000000	0.0	1	-
0	0.932509	0.000000	0.000000	0.0	1	-
1	0.578944	1624.037398	228.017138	6.0	1	P41_06_notch
1	0.654890	1515.968019	230.929103	26.0	1	P41_03
1	0.563843	1688.166110	252.129789	3.0	1	P41_02
1	0.961584	1501.487343	120.930913	17.0	1	P41_05
0	0.869189	0.000000	0.000000	0.0	1	-
1	0.471486	1515.968019	295.757125	26.0	1	P41_03
1	0.437186	1624.037398	39.059445	6.0	1	P41_06_notch
1	0.922348	1515.968019	245.022414	26.0	1	P41_03
0	0.483704	0.000000	0.000000	0.0	1	-
0	0.548301	0.000000	0.000000	0.0	1	-
1	0.606989	1515.968019	171.479533	26.0	1	P41_03
0	0.598231	0.000000	0.000000	0.0	1	-
0	0.736193	0.000000	0.000000	0.0	1	-
1	0.802237	1624.037398	36.207296	6.0	1	P41_06_notch
1	0.946550	1688.166110	77.035075	3.0	1	P41_02
0	0.623532	0.000000	0.000000	0.0	1	-
1	0.603273	1515.968019	320.869760	26.0	1	P41_03
0	0.781026	0.000000	0.000000	0.0	1	-
1	0.814322	1688.166110	405.503657	3.0	1	P41_02
0	0.415738	0.000000	0.000000	0.0	1	-
1	0.511112	1515.968019	63.045724	26.0	1	P41_03
1	0.976073	1688.166110	342.643078	3.0	1	P41_02
1	0.510287	1681.461469	364.254108	2.0	1	P41_01
0	0.534198	0.000000	0.000000	0.0	1	-
0	0.582436	0.000000	0.000000	0.0	1	-
0	0.733699	0.000000	0.000000	0.0	1	-
0	0.532150	0.000000	0.000000	0.0	1	-
1	0.666839	1624.037398	364.545453	6.0	1	P41_06_notch
0	0.615837	0.000000	0.000000	0.0	1	-
0	0.493688	0.000000	0.000000	0.0	1	-
0	0.690656	0.000000	0.000000	0.0	1	-
1	0.599387	1688.166110	316.924159	3.0	1	P41_02
1	0.504072	1624.037398	154.028833	6.0	1	P41_06_notch
0	0.894375	0.000000	0.000000	0.0	1	-
0	0.749024	0.000000	0.000000	0.0	1	-
1	0.856059	1624.037398	111.577300	6.0	1	P41_06_notch
0	0.592993	0.000000	0.000000	0.0	1	-
0	0.682470	0.000000	0.000000	0.0	1	-
0	0.411516	0.000000	0.000000	0.0	1	-
1	0.897382	1627.123555	232.212146	6.0	1	P41_04
1	0.766382	1515.968019	337.508270	26.0	1	P41_03
0	0.752118	0.000000	0.000000	0.0	1	-
1	0.450827	1501.487343	212.757315	17.0	1	P41_05
1	0.914233	1624.037398	112.232799	6.0	1	P41_06_notch
1	0.620470	1688.166110	244.901484	3.0	1	P41_02
0	0.788639	0.000000	0.000000	0.0	1	-
1	0.645683	1515.968019	369.149223	26.0	1	P41_03
0	0.538908	0.000000	0.000000	0.0	1	-
1	0.803560	1688.166110	310.041001	3.0	1	P41_02
1	0.748223	1515.968019	101.554064	26.0	1	P41_03
0	0.528834	0.000000	0.000000	0.0	1	-
1	0.437464	1501.487343	403.285988	17.0	1	P41_05
0	0.621597	0.000000	0.000000	0.0	1	-
0	0.912616	0.000000	0.000000	0.0	1	-
0	0.850873	0.000000	0.000000	0.0	1	-
0	0.411175	0.000000	0.000000	0.0	1	-
1	0.933617	1624.037398	29.544654	6.0	1	P41_06_notch
0	0.855832	0.000000	0.000000	0.0	1	-
0	0.489925	0.000000	0.000000	0.0	1	-
0	0.464198	0.000000	0.000000	0.0	1	-
1	0.449920	1681.461469	80.593618	2.0	1	P41_01
0	0.899541	0.000000	0.000000	0.0	1	-
0	0.492545	0.000000	0.000000	0.0	1	-
0	0.565523	0.000000	0.000000	0.0	1	-
0	0.697968	0.000000	0.000000	0.0	1	-
1	0.527420	1681.461469	18.207835	2.0	1	P41_01
1	0.852890	1515.968019	90.378465	26.0	1	P41_03
1	0.754891	1515.968019	90.729849	26.0	1	P41_03
1	0.728869	1627.123555	78.754663	6.0	1	P41_04
1	0.754077	1688.166110	40.358180	3.0	1	P41_02
1	0.891206	1627.123555	328.051451	6.0	1	P41_04
0	0.866932	0.000000	0.000000	0.0	1	-
1	0.711411	1681.461469	439.438840	2.0	1	P41_01
0	0.734133	0.000000	0.000000	0.0	1	-
0	0.845008	0.000000	0.000000	0.0	1	-
1	0.928783	1688.166110	424.341340	3.0	1	P41_02
0	0.477267	0.000000	0.000000	0.0	1	-
0	0.965001	0.000000	0.000000	0.0	1	-
0	0.620525	0.000000	0.000000	0.0	1	-
1	0.450217	1627.123555	22.514952	6.0	1	P41_04
0	0.531637	0.000000	0.000000	0.0	1	-
1	0.529497	1627.123555	188.531180	6.0	1	P41_04
1	0.636703	1624.037398	57.129087	6.0	1	P41_06_notch
0	0.840951	0.000000	0.000000	0.0	1	-
0	0.674558	0.000000	0.000000	0.0	1	-
0	0.909411	0.000000	0.000000	0.0	1	-
0	0.435242	0.000000	0.000000	0.0	1	-
0	0.652478	0.000000	0.000000	0.0	1	-
1	0.909384	1681.461469	398.191510	2.0	1	P41_01
0	0.689053	0.000000	0.000000	0.0	1	-
1	0.668515	1501.487343	413.880900	17.0	1	P41_05
1	0.938013	1515.968019	119.096471	26.0	1	P41_03
0	0.406544	0.000000	0.000000	0.0	1	-
0	0.430058	0.000000	0.000000	0.0	1	-
1	0.921461	1515.968019	195.530356	26.0	1	P41_03
0	0.867067	0.000000	0.000000	0.0	1	-
1	0.884201	1627.123555	333.745803	6.0	1	P41_04
1	0.548690	1681.461469	199.871507	2.0	1	P41_01
1	0.406354	1681.461469	345.824617	2.0	1	P41_01
1	0.871305	1501.487343	366.984594	17.0	1	P41_05
1	0.965698	1501.487343	162.979418	17.0	1	P41_05
1	0.724984	1681.461469	268.872923	2.0	1	P41_01
1	0.956892	1627.123555	361.714714	6.0	1	P41_04
1	0.887757	1681.461469	287.213076	2.0	1	P41_01
0	0.475912	0.000000	0.000000	0.0	1	-
0	0.627673	0.000000	0.000000	0.0	1	-
1	0.438998	1688.166110	143.630571	3.0	1	P41_02
0	0.854610	0.000000	0.000000	0.0	1	-
0	0.600297	0.000000	0.000000	0.0	1	-
1	0.549646	1624.037398	407.055842	6.0	1	P41_06_notch
0	0.738805	0.000000	0.000000	0.0	1	-
1	0.841528	1501.487343	325.133914	17.0	1	P41_05
0	0.482650	0.000000	0.000000	0.0	1	-
1	0.528038	1501.487343	255.211892	17.0	1	P41_05
0	0.922373	0.000000	0.000000	0.0	1	-
1	0.629091	1681.461469	47.372689	2.0	1	P41_01
0	0.482742	0.000000	0.000000	0.0	1	-
1	0.556824	1515.968019	87.080195	26.0	1	P41_03
0	0.774302	0.000000	0.000000	0.0	1	-
1	0.465300	1688.166110	398.451779	3.0	1	P41_02
1	0.812093	1515.968019	401.819568	26.0	1	P41_03
1	0.734416	1624.037398	111.458403	6.0	1	P41_06_notch
0	0.472520	0.000000	0.000000	0.0	1	-
1	0.560043	1624.037398	158.276693	6.0	1	P41_06_notch
1	0.989770	1501.487343	291.240847	17.0	1	P41_05
0	0.596167	0.000000	0.000000	0.0	1	-
0	0.774583	0.000000	0.000000	0.0	1	-
0	0.856628	0.000000	0.000000	0.0	1	-
1	0.702971	1688.166110	129.669156	3.0	1	P41_02
0	0.725964	0.000000	0.000000	0.0	1	-
1	0.921183	1515.968019	47.856182	26.0	1	P41_03
0	0.868760	0.000000	0.000000	0.0	1	-
0	0.632581	0.000000	0.000000	0.0	1	-
0	0.996149	0.000000	0.000000	0.0	1	-
0	0.674077	0.000000	0.000000	0.0	1	-
0	0.547629	0.000000	0.000000	0.0	1	-
1	0.766723	1627.123555	316.371023	6.0	1	P41_04
0	0.673753	0.000000	0.000000	0.0	1	-
0	0.491216	0.000000	0.000000	0.0	1	-
1	0.400327	1515.968019	108.644422	26.0	1	P41_03
1	0.970686	1627.123555	37.612579	6.0	1	P41_04
1	0.940092	1681.461469	159.952073	2.0	1	P41_01
0	0.831549	0.000000	0.000000	0.0	1	-
0	0.600916	0.000000	0.000000	0.0	1	-
0	0.950042	0.000000	0.000000	0.0	1	-
0	0.809674	0.000000	0.000000	0.0	1	-
0	0.413945	0.000000	0.000000	0.0	1	-
0	0.590231	0.000000	0.000000	0.0	1	-
0	0.482653	0.000000	0.000000	0.0	1	-
1	0.961570	1515.968019	311.025790	26.0	1	P41_03
0	0.406153	0.000000	0.000000	0.0	1	-
0	0.524460	0.000000	0.000000	0.0	1	-
1	0.936108	1624.037398	436.536089	6.0	1	P41_06_notch
1	0.972377	1501.487343	51.884159	17.0	1	P41_05
1	0.604047	1681.461469	416.390217	2.0	1	P41_01
1	0.757622	1624.037398	413.155960	6.0	1	P41_06_notch
1	0.538839	1515.968019	279.988368	26.0	1	P41_03
1	0.622446	1515.968019	118.596763	26.0	1	P41_03
0	0.536699	0.000000	0.000000	0.0	1	-
1	0.518999	1624.037398	310.975423	6.0	1	P41_06_notch
0	0.616214	0.000000	0.000000	0.0	1	-
1	0.936845	1627.123555	380.760123	6.0	1	P41_04
1	0.870415	1681.461469	110.113777	2.0	1	P41_01
0	0.685251	0.000000	0.000000	0.0	1	-
0	0.652377	0.000000	0.000000	0.0	1	-
1	0.553278	1681.461469	402.243633	2.0	1	P41_01
0	0.450592	0.000000	0.000000	0.0	1	-
0	0.973919	0.000000	0.000000	0.0	1	-
1	0.868989	1681.461469	137.566626	2.0	1	P41_01
0	0.493912	0.000000	0.000000	0.0	1	-
0	0.975520	0.000000	0.000000	0.0	1	-
0	0.854841	0.000000	0.000000	0.0	1	-
0	0.667490	0.000000	0.000000	0.0	1	-
0	0.941859	0.000000	0.000000	0.0	1	-
0	0.533968	0.000000	0.000000	0.0	1	-
1	0.423525	1515.968019	183.466954	26.0	1	P41_03
0	0.898876	0.000000	0.000000	0.0	1	-
0	0.817911	0.000000	0.000000	0.0	1	-
0	0.915260	0.000000	0.000000	0.0	1	-
1	0.630150	1688.166110	22.090859	3.0	1	P41_02
0	0.832291	0.000000	0.000000	0.0	1	-
0	0.601281	0.000000	0.000000	0.0	1	-
1	0.706552	1501.487343	341.346477	17.0	1	P41_05
1	0.714468	1501.487343	8.106300	17.0	1	P41_05
0	0.686316	0.000000	0.000000	0.0	1	-
1	0.567461	1515.968019	320.888021	26.0	1	P41_03
1	0.838391	1627.123555	87.122834	6.0	1	P41_04
1	0.689677	1624.037398	189.619837	6.0	1	P41_06_notch
1	0.845336	1501.487343	78.249814	17.0	1	P41_05
0	0.716378	0.000000	0.000000	0.0	1	-
1	0.548705	1681.461469	186.459720	2.0	1	P41_01
0	0.774256	0.000000	0.000000	0.0	1	-
1	0.539991	1681.461469	349.620067	2.0	1	P41_01
0	0.462252	0.000000	0.000000	0.0	1	-
0	0.943219	0.000000	0.000000	0.0	1	-
0	0.984505	0.000000	0.000000	0.0	1	-
1	0.597303	1624.037398	184.679305	6.0	1	P41_06_notch
0	0.870463	0.000000	0.000000	0.0	1	-
1	0.612907	1688.166110	36.231929	3.0	1	P41_02
1	0.742554	1624.037398	326.826779	6.0	1	P41_06_notch
1	0.997536	1688.166110	431.383433	3.0	1	P41_02
1	0.705905	1501.487343	145.602666	17.0	1	P41_05
0	0.568519	0.000000	0.000000	0.0	1	-
1	0.599185	1515.968019	183.225913	26.0	1	P41_03
0	0.437172	0.000000	0.000000	0.0	1	-
1	0.548253	1627.123555	2.282380	6.0	1	P41_04
0	0.994274	0.000000	0.000000	0.0	1	-
0	0.428259	0.000000	0.000000	0.0	1	-
1	0.874832	1681.461469	397.788862	2.0	1	P41_01
1	0.930259	1501.487343	135.733041	17.0	1	P41_05
1	0.619787	1681.461469	131.581157	2.0	1	P41_01
0	0.741460	0.000000	0.000000	0.0	1	-
0	0.900445	0.000000	0.000000	0.0	1	-
1	0.556610	1624.037398	210.495927	6.0	1	P41_06_notch
0	0.773387	0.000000	0.000000	0.0	1	-
0	0.886115	0.000000	0.000000	0.0	1	-
1	0.473202	1688.166110	181.469890	3.0	1	P41_02
0	0.557370	0.000000	0.000000	0.0	1	-
1	0.560144	1681.461469	390.432678	2.0	1	P41_01
1	0.833397	1515.968019	298.605433	26.0	1	P41_03
1	0.797656	1501.487343	15.703071	17.0	1	P41_05
0	0.913750	0.000000	0.000000	0.0	1	-
1	0.907743	1624.037398	322.226710	6.0	1	P41_06_notch
0	0.490804	0.000000	0.000000	0.0	1	-
1	0.858213	1688.166110	64.819795	3.0	1	P41_02
1	0.488175	1515.968019	56.468361	26.0	1	P41_03
1	0.859137	1688.166110	152.699900	3.0	1	P41_02
1	0.529977	1501.487343	255.426457	17.0	1	P41_05
0	0.767380	0.000000	0.000000	0.0	1	-
0	0.935086	0.000000	0.000000	0.0	1	-
0	0.481213	0.000000	0.000000	0.0	1	-
0	0.417690	0.000000	0.000000	0.0	1	-
1	0.924458	1501.487343	38.325213	17.0	1	P41_05
0	0.758752	0.000000	0.000000	0.0	1	-
0	0.698135	0.000000	0.000000	0.0	1	-
1	0.915119	1681.461469	233.285138	2.0	1	P41_01
1	0.920074	1681.461469	26.320991	2.0	1	P41_01
1	0.997647	1501.487343	102.021343	17.0	1	P41_05
0	0.472054	0.000000	0.000000	0.0	1	-
0	0.539028	0.000000	0.000000	0.0	1	-
1	0.480253	1624.037398	32.722722	6.0	1	P41_06_notch
1	0.952993	1681.461469	375.936891	2.0	1	P41_01
1	0.956005	1681.461469	389.402472	2.0	1	P41_01
1	0.801173	1515.968019	315.034252	26.0	1	P41_03
0	0.943837	0.000000	0.000000	0.0	1	-
0	0.685404	0.000000	0.000000	0.0	1	-
1	0.428615	1681.461469	101.267364	2.0	1	P41_01
0	0.930386	0.000000	0.000000	0.0	1	-
0	0.861200	0.000000	0.000000	0.0	1	-
0	0.601297	0.000000	0.000000	0.0	1	-
1	0.536587	1688.166110	119.833768	3.0	1	P41_02
0	0.624281	0.000000	0.000000	0.0	1	-
1	0.772376	1681.461469	38.271219	2.0	1	P41_01
1	0.447906	1627.123555	37.558658	6.0	1	P41_04
0	0.793505	0.000000	0.000000	0.0	1	-
0	0.805696	0.000000	0.000000	0.0	1	-
0	0.404594	0.000000	0.000000	0.0	1	-
0	0.554920	0.000000	0.000000	0.0	1	-
0	0.835666	0.000000	0.000000	0.0	1	-
1	0.750211	1627.123555	203.927039	6.0	1	P41_04
1	0.408021	1681.461469	408.525118	2.0	1	P41_01
1	0.406950	1688.166110	173.238010	3.0	1	P41_02
1	0.767016	1688.166110	393.089152	3.0	1	P41_02
1	0.832805	1688.166110	162.120459	3.0	1	P41_02
1	0.457319	1501.487343	237.896704	17.0	1	P41_05
0	0.616640	0.000000	0.000000	0.0	1	-
1	0.423418	1501.487343	280.715504	17.0	1	P41_05
1	0.869369	1688.166110	234.097566	3.0	1	P41_02
0	0.979777	0.000000	0.000000	0.0	1	-
1	0.633441	1681.461469	382.444216	2.0	1	P41_01
1	0.914814	1627.123555	26.230899	6.0	1	P41_04
0	0.852897	0.000000	0.000000	0.0	1	-
0	0.949101	0.000000	0.000000	0.0	1	-
0	0.472173	0.000000	0.000000	0.0	1	-
1	0.787675	1688.166110	397.192253	3.0	1	P41_02
0	0.786011	0.000000	0.000000	0.0	1	-
1	0.796126	1501.487343	151.447320	17.0	1	P41_05
0	0.916557	0.000000	0.000000	0.0	1	-
1	0.874935	1681.461469	115.987765	2.0	1	P41_01
0	0.925518	0.000000	0.000000	0.0	1	-
0	0.418360	0.000000	0.000000	0.0	1	-
1	0.436526	1515.968019	162.683724	26.0	1	P41_03
1	0.535614	1688.166110	423.524302	3.0	1	P41_02
0	0.854382	0.000000	0.000000	0.0	1	-
1	0.620825	1624.037398	343.560463	6.0	1	P41_06_notch
1	0.635866	1681.461469	71.966200	2.0	1	P41_01
1	0.458462	1688.166110	360.867089	3.0	1	P41_02
1	0.627756	1515.968019	152.560017	26.0	1	P41_03
1	0.972663	1501.487343	82.519852	17.0	1	P41_05
1	0.561951	1688.166110	234.039430	3.0	1	P41_02
1	0.975356	1501.487343	387.988580	17.0	1	P41_05
0	0.853953	0.000000	0.000000	0.0	1	-
0	0.739413	0.000000	0.000000	0.0	1	-
0	0.991760	0.000000	0.000000	0.0	1	-
0	0.601339	0.000000	0.000000	0.0	1	-
0	0.546908	0.000000	0.000000	0.0	1	-
0	0.417404	0.000000	0.000000	0.0	1	-
0	0.466741	0.000000	0.000000	0.0	1	-
1	0.826480	1688.166110	129.502645	3.0	1	P41_02
1	0.702660	1515.968019	385.860152	26.0	1	P41_03
0	0.425257	0.000000	0.000000	0.0	1	-
1	0.404887	1515.968019	385.543644	26.0	1	P41_03
1	0.671794	1627.123555	370.545195	6.0	1	P41_04
0	0.716443	0.000000	0.000000	0.0	1	-
0	0.485718	0.000000	0.000000	0.0	1	-
0	0.841277	0.000000	0.000000	0.0	1	-
1	0.590201	1688.166110	405.783446	3.0	1	P41_02
1	0.945706	1681.461469	365.979244	2.0	1	P41_01
0	0.970675	0.000000	0.000000	0.0	1	-
0	0.623089	0.000000	0.000000	0.0	1	-
1	0.888042	1501.487343	404.535033	17.0	1	P41_05
0	0.862905	0.000000	0.000000	0.0	1	-
0	0.576997	0.000000	0.000000	0.0	1	-
0	0.707870	0.000000	0.000000	0.0	1	-
1	0.800203	1624.037398	217.908793	6.0	1	P41_06_notch
0	0.561220	0.000000	0.000000	0.0	1	-
1	0.743970	1627.123555	168.337008	6.0	1	P41_04
1	0.798659	1624.037398	222.693617	6.0	1	P41_06_notch
1	0.784619	1624.037398	76.627230	6.0	1	P41_06_notch
1	0.539609	1515.968019	192.846515	26.0	1	P41_03
0	0.988435	0.000000	0.000000	0.0	1	-
1	0.499143	1515.968019	181.718164	26.0	1	P41_03
1	0.434656	1515.968019	347.794148	26.0	1	P41_03
1	0.576369	1627.123555	37.222588	6.0	1	P41_04
0	0.859797	0.000000	0.000000	0.0	1	-
1	0.946564	1624.037398	411.510318	6.0	1	P41_06_notch
0	0.536165	0.000000	0.000000	0.0	1	-
