0	0.653543	0.000000	0.000000	0.0	1	-
0	0.755129	0.000000	0.000000	0.0	1	-
0	0.901308	0.000000	0.000000	0.0	1	-
1	0.886402	1501.487343	247.577201	17.0	1	P41_05
0	0.743572	0.000000	0.000000	0.0	1	-
0	0.851276	0.000000	0.000000	0.0	1	-
0	0.805661	0.000000	0.000000	0.0	1	-
1	0.877322	1627.123555	158.369274	6.0	1	P41_04
0	0.851239	0.000000	0.000000	0.0	1	-
1	0.553990	1688.166110	410.216648	3.0	1	P41_02
0	0.521481	0.000000	0.000000	0.0	1	-
1	0.883680	1501.487343	268.620286	17.0	1	P41_05
1	0.872543	1681.461469	93.280012	2.0	1	P41_01
1	0.506779	1501.487343	167.224070	17.0	1	P41_05
0	0.798941	0.000000	0.000000	0.0	1	-
0	0.650456	0.000000	0.000000	0.0	1	-
0	0.416781	0.000000	0.000000	0.0	1	-
1	0.613300	1501.487343	8.934843	17.0	1	P41_05
0	0.908706	0.000000	0.000000	0.0	1	-
0	0.620107	0.000000	0.000000	0.0	1	-
0	0.743271	0.000000	0.000000	0.0	1	-
0	0.850996	0.000000	0.000000	0.0	1	-
1	0.832476	1515.968019	337.354638	26.0	1	P41_03
1	0.763961	1624.037398	426.386749	6.0	1	P41_06_notch
0	0.611804	0.000000	0.000000	0.0	1	-
1	0.520723	1515.968019	112.664774	26.0	1	P41_03
1	0.763590	1515.968019	128.442957	26.0	1	P41_03
0	0.653071	0.000000	0.000000	0.0	1	-
1	0.410225	1624.037398	239.054813	6.0	1	P41_06_notch
1	0.603941	1688.166110	172.375161	3.0	1	P41_02
0	0.702453	0.000000	0.000000	0.0	1	-
0	0.478375	0.000000	0.000000	0.0	1	-
0	0.437747	0.000000	0.000000	0.0	1	-
0	0.556559	0.000000	0.000000	0.0	1	-
0	0.520688	0.000000	0.000000	0.0	1	-
0	0.700074	0.000000	0.000000	0.0	1	-
1	0.914699	1627.123555	384.649343	6.0	1	P41_04
0	0.545805	0.000000	0.000000	0.0	1	-
1	0.486227	1624.037398	91.900004	6.0	1	P41_06_notch
1	0.794103	1681.461469	302.890068	2.0	1	P41_01
0	0.581099	0.000000	0.000000	0.0	1	-
0	0.845503	0.000000	0.000000	0.0	1	-
0	0.755652	0.000000	0.000000	0.0	1	-
0	0.738919	0.000000	0.000000	0.0	1	-
1	0.680225	1627.123555	276.120256	6.0	1	P41_04
1	0.858982	1515.968019	32.838481	26.0	1	P41_03
1	0.841894	1515.968019	398.223096	26.0	1	P41_03
1	0.913802	1681.461469	369.191547	2.0	1	P41_01
0	0.542782	0.000000	0.000000	0.0	1	-
1	0.956496	1624.037398	111.371343	6.0	1	P41_06_notch
1	0.985924	1627.123555	408.048687	6.0	1	P41_04
0	0.581636	0.000000	0.000000	0.0	1	-
0	0.494146	0.000000	0.000000	0.0	1	-
1	0.930858	1688.166110	373.238759	3.0	1	P41_02
0	0.549463	0.000000	0.000000	0.0	1	-
0	0.831795	0.000000	0.000000	0.0	1	-
1	0.993501	1688.166110	328.604746	3.0	1	P41_02
1	0.715599	1627.123555	392.309105	6.0	1	P41_04
1	0.401036	1688.166110	125.393477	3.0	1	P41_02
1	0.905757	1688.166110	312.029392	3.0	1	P41_02
1	0.956180	1515.968019	170.578405	26.0	1	P41_03
0	0.411647	0.000000	0.000000	0.0	1	-
0	0.641813	0.000000	0.000000	0.0	1	-
1	0.882414	1515.968019	56.082135	26.0	1	P41_03
0	0.799464	0.000000	0.000000	0.0	1	-
0	0.478462	0.000000	0.000000	0.0	1	-
1	0.552286	1627.123555	145.612566	6.0	1	P41_04
0	0.502717	0.000000	0.000000	0.0	1	-
0	0.425442	0.000000	0.000000	0.0	1	-
1	0.777093	1515.968019	376.561370	26.0	1	P41_03
1	0.959950	1515.968019	116.990751	26.0	1	P41_03
1	0.427484	1624.037398	391.184514	6.0	1	P41_06_notch
0	0.746669	0.000000	0.000000	0.0	1	-
1	0.493829	1688.166110	20.489958	3.0	1	P41_02
0	0.869104	0.000000	0.000000	0.0	1	-
0	0.460453	0.000000	0.000000	0.0	1	-
1	0.650645	1627.123555	418.468066	6.0	1	P41_04
1	0.469622	1681.461469	384.157698	2.0	1	P41_01
1	0.920668	1627.123555	81.142809	6.0	1	P41_04
0	0.995074	0.000000	0.000000	0.0	1	-
0	0.731540	0.000000	0.000000	0.0	1	-
1	0.552211	1501.487343	377.475831	17.0	1	P41_05
0	0.531690	0.000000	0.000000	0.0	1	-
0	0.760164	0.000000	0.000000	0.0	1	-
0	0.955629	0.000000	0.000000	0.0	1	-
1	0.472389	1688.166110	67.736350	3.0	1	P41_02
0	0.908158	0.000000	0.000000	0.0	1	-
1	0.558970	1515.968019	365.738355	26.0	1	P41_03
1	0.798834	1501.487343	292.846512	17.0	1	P41_05
0	0.808236	0.000000	0.000000	0.0	1	-
0	0.603191	0.000000	0.000000	0.0	1	-
1	0.638767	1624.037398	324.563613	6.0	1	P41_06_notch
0	0.590408	0.000000	0.000000	0.0	1	-
0	0.726524	0.000000	0.000000	0.0	1	-
1	0.979980	1627.123555	292.779331	6.0	1	P41_04
0	0.728015	0.000000	0.000000	0.0	1	-
0	0.687227	0.000000	0.000000	0.0	1	-
1	0.455951	1681.461469	317.645680	2.0	1	P41_01
1	0.489796	1688.166110	423.188801	3.0	1	P41_02
0	0.495824	0.000000	0.000000	0.0	1	-
0	0.412631	0.000000	0.000000	0.0	1	-
0	0.946022	0.000000	0.000000	0.0	1	-
1	0.634307	1624.037398	373.104261	6.0	1	P41_06_notch
0	0.424114	0.000000	0.000000	0.0	1	-
0	0.771427	0.000000	0.000000	0.0	1	-
1	0.905242	1681.461469	27.620201	2.0	1	P41_01
0	0.408167	0.000000	0.000000	0.0	1	-
1	0.915777	1515.968019	353.891943	26.0	1	P41_03
0	0.605125	0.000000	0.000000	0.0	1	-
0	0.687859	0.000000	0.000000	0.0	1	-
0	0.887433	0.000000	0.000000	0.0	1	-
1	0.992303	1688.166110	207.399491	3.0	1	P41_02
1	0.748275	1624.037398	155.670335	6.0	1	P41_06_notch
0	0.533698	0.000000	0.000000	0.0	1	-
0	0.808683	0.000000	0.000000	0.0	1	-
0	0.440334	0.000000	0.000000	0.0	1	-
0	0.611559	0.000000	0.000000	0.0	1	-
1	0.419934	1688.166110	314.390158	3.0	1	P41_02
0	0.860681	0.000000	0.000000	0.0	1	-
1	0.772215	1627.123555	390.442773	6.0	1	P41_04
1	0.910658	1515.968019	363.473811	26.0	1	P41_03
1	0.595015	1627.123555	233.893037	6.0	1	P41_04
0	0.662777	0.000000	0.000000	0.0	1	-
0	0.559102	0.000000	0.000000	0.0	1	-
1	0.755258	1688.166110	189.189420	3.0	1	P41_02
1	0.647514	1515.968019	393.430576	26.0	1	P41_03
1	0.729067	1515.968019	387.671480	26.0	1	P41_03
0	0.494413	0.000000	0.000000	0.0	1	-
1	0.917211	1681.461469	245.185302	2.0	1	P41_01
1	0.593393	1681.461469	20.962004	2.0	1	P41_01
0	0.965346	0.000000	0.000000	0.0	1	-
1	0.679296	1627.123555	255.878294	6.0	1	P41_04
1	0.991176	1624.037398	434.089820	6.0	1	P41_06_notch
0	0.732510	0.000000	0.000000	0.0	1	-
0	0.501259	0.000000	0.000000	0.0	1	-
1	0.519584	1627.123555	85.247918	6.0	1	P41_04
1	0.519668	1515.968019	398.449892	26.0	1	P41_03
0	0.958295	0.000000	0.000000	0.0	1	-
1	0.900367	1688.166110	146.432214	3.0	1	P41_02
0	0.982931	0.000000	0.000000	0.0	1	-
1	0.577713	1688.166110	292.427869	3.0	1	P41_02
1	0.887665	1627.123555	207.485813	6.0	1	P41_04
0	0.440429	0.000000	0.000000	0.0	1	-
1	0.681927	1624.037398	26.037919	6.0	1	P41_06_notch
0	0.866743	0.000000	0.000000	0.0	1	-
0	0.406110	0.000000	0.000000	0.0	1	-
1	0.473337	1627.123555	118.204956	6.0	1	P41_04
1	0.544258	1501.487343	389.544866	17.0	1	P41_05
0	0.435600	0.000000	0.000000	0.0	1	-
0	0.832500	0.000000	0.000000	0.0	1	-
1	0.825260	1515.968019	172.004236	26.0	1	P41_03
1	0.446489	1688.166110	83.011724	3.0	1	P41_02
1	0.514389	1624.037398	246.263260	6.0	1	P41_06_notch
1	0.622566	1515.968019	160.412573	26.0	1	P41_03
1	0.718368	1515.968019	310.752443	26.0	1	P41_03
0	0.596966	0.000000	0.000000	0.0	1	-
1	0.954612	1681.461469	214.900678	2.0	1	P41_01
0	0.916862	0.000000	0.000000	0.0	1	-
1	0.596020	1688.166110	159.034658	3.0	1	P41_02
0	0.490152	0.000000	0.000000	0.0	1	-
1	0.776415	1624.037398	263.071570	6.0	1	P41_06_notch
0	0.932141	0.000000	0.000000	0.0	1	-
1	0.777239	1515.968019	354.407732	26.0	1	P41_03
0	0.539532	0.000000	0.000000	0.0	1	-
0	0.585369	0.000000	0.000000	0.0	1	-
0	0.739495	0.000000	0.000000	0.0	1	-
1	0.649595	1624.037398	145.281728	6.0	1	P41_06_notch
1	0.961956	1624.037398	358.409087	6.0	1	P41_06_notch
1	0.912387	1688.166110	139.757600	3.0	1	P41_02
0	0.512497	0.000000	0.000000	0.0	1	-
0	0.634250	0.000000	0.000000	0.0	1	-
1	0.632219	1688.166110	242.441299	3.0	1	P41_02
0	0.970016	0.000000	0.000000	0.0	1	-
0	0.534021	0.000000	0.000000	0.0	1	-
1	0.418711	1501.487343	390.653804	17.0	1	P41_05
0	0.596212	0.000000	0.000000	0.0	1	-
0	0.607451	0.000000	0.000000	0.0	1	-
0	0.823912	0.000000	0.000000	0.0	1	-
1	0.922239	1681.461469	216.687034	2.0	1	P41_01
1	0.489346	1515.968019	128.436247	26.0	1	P41_03
1	0.630684	1688.166110	233.498595	3.0	1	P41_02
1	0.800325	1627.123555	433.176338	6.0	1	P41_04
0	0.921063	0.000000	0.000000	0.0	1	-
0	0.867779	0.000000	0.000000	0.0	1	-
1	0.536197	1681.461469	150.542796	2.0	1	P41_01
1	0.676768	1627.123555	26.285414	6.0	1	P41_04
1	0.904930	1681.461469	123.839738	2.0	1	P41_01
0	0.808093	0.000000	0.000000	0.0	1	-
0	0.599322	0.000000	0.000000	0.0	1	-
0	0.506275	0.000000	0.000000	0.0	1	-
0	0.965646	0.000000	0.000000	0.0	1	-
0	0.431573	0.000000	0.000000	0.0	1	-
0	0.996700	0.000000	0.000000	0.0	1	-
1	0.740084	1624.037398	404.172800	6.0	1	P41_06_notch
1	0.504984	1501.487343	417.474098	17.0	1	P41_05
1	0.445748	1624.037398	160.188994	6.0	1	P41_06_notch
1	0.665742	1515.968019	141.211525	26.0	1	P41_03
1	0.599103	1627.123555	24.482784	6.0	1	P41_04
1	0.451008	1627.123555	426.942229	6.0	1	P41_04
1	0.575351	1515.968019	287.840773	26.0	1	P41_03
1	0.646308	1627.123555	151.483626	6.0	1	P41_04
1	0.919445	1681.461469	371.210593	2.0	1	P41_01
1	0.430483	1624.037398	7.634672	6.0	1	P41_06_notch
0	0.621460	0.000000	0.000000	0.0	1	-
0	0.424740	0.000000	0.000000	0.0	1	-
0	0.906559	0.000000	0.000000	0.0	1	-
1	0.933290	1501.487343	244.867286	17.0	1	P41_05
1	0.674684	1515.968019	92.171605	26.0	1	P41_03
1	0.514790	1501.487343	138.769198	17.0	1	P41_05
1	0.666728	1627.123555	350.802422	6.0	1	P41_04
0	0.732549	0.000000	0.000000	0.0	1	-
0	0.864694	0.000000	0.000000	0.0	1	-
1	0.799129	1501.487343	181.921558	17.0	1	P41_05
0	0.836516	0.000000	0.000000	0.0	1	-
1	0.678827	1681.461469	121.579787	2.0	1	P41_01
0	0.608702	0.000000	0.000000	0.0	1	-
0	0.564831	0.000000	0.000000	0.0	1	-
0	0.830845	0.000000	0.000000	0.0	1	-
0	0.834061	0.000000	0.000000	0.0	1	-
0	0.762916	0.000000	0.000000	0.0	1	-
0	0.605125	0.000000	0.000000	0.0	1	-
0	0.950171	0.000000	0.000000	0.0	1	-
0	0.559392	0.000000	0.000000	0.0	1	-
0	0.442087	0.000000	0.000000	0.0	1	-
1	0.792200	1515.968019	161.481403	26.0	1	P41_03
1	0.712366	1501.487343	102.023068	17.0	1	P41_05
1	0.677004	1624.037398	138.021082	6.0	1	P41_06_notch
1	0.740119	1627.123555	257.356643	6.0	1	P41_04
1	0.974729	1624.037398	85.697154	6.0	1	P41_06_notch
1	0.823190	1501.487343	113.835564	17.0	1	P41_05
0	0.440917	0.000000	0.000000	0.0	1	-
1	0.524031	1681.461469	246.633123	2.0	1	P41_01
1	0.652091	1624.037398	400.355931	6.0	1	P41_06_notch
0	0.539579	0.000000	0.000000	0.0	1	-
1	0.430162	1627.123555	33.782245	6.0	1	P41_04
0	0.450235	0.000000	0.000000	0.0	1	-
1	0.717008	1515.968019	167.213146	26.0	1	P41_03
1	0.631406	1627.123555	156.997149	6.0	1	P41_04
0	0.664016	0.000000	0.000000	0.0	1	-
1	0.811294	1681.461469	115.051221	2.0	1	P41_01
1	0.896832	1688.166110	336.622371	3.0	1	P41_02
1	0.942495	1627.123555	271.675625	6.0	1	P41_04
1	0.608070	1515.968019	139.103279	26.0	1	P41_03
0	0.808048	0.000000	0.000000	0.0	1	-
0	0.442044	0.000000	0.000000	0.0	1	-
0	0.437747	0.000000	0.000000	0.0	1	-
1	0.931209	1515.968019	245.127250	26.0	1	P41_03
0	0.819290	0.000000	0.000000	0.0	1	-
1	0.528740	1515.968019	416.888127	26.0	1	P41_03
1	0.539222	1681.461469	172.427301	2.0	1	P41_01
0	0.520019	0.000000	0.000000	0.0	1	-
0	0.771631	0.000000	0.000000	0.0	1	-
0	0.771109	0.000000	0.000000	0.0	1	-
1	0.752254	1627.123555	206.072744	6.0	1	P41_04
1	0.884190	1515.968019	419.829305	26.0	1	P41_03
0	0.703579	0.000000	0.000000	0.0	1	-
1	0.721442	1627.123555	65.880438	6.0	1	P41_04
0	0.791825	0.000000	0.000000	0.0	1	-
0	0.802217	0.000000	0.000000	0.0	1	-
0	0.858674	0.000000	0.000000	0.0	1	-
1	0.654084	1624.037398	259.309537	6.0	1	P41_06_notch
1	0.740131	1681.461469	217.885173	2.0	1	P41_01
1	0.514893	1501.487343	279.546420	17.0	1	P41_05
0	0.860632	0.000000	0.000000	0.0	1	-
0	0.545439	0.000000	0.000000	0.0	1	-
0	0.891367	0.000000	0.000000	0.0	1	-
0	0.904166	0.000000	0.000000	0.0	1	-
1	0.711426	1501.487343	177.032396	17.0	1	P41_05
0	0.531147	0.000000	0.000000	0.0	1	-
0	0.948179	0.000000	0.000000	0.0	1	-
0	0.666013	0.000000	0.000000	0.0	1	-
1	0.452515	1688.166110	401.843402	3.0	1	P41_02
0	0.920266	0.000000	0.000000	0.0	1	-
1	0.460165	1515.968019	134.604081	26.0	1	P41_03
0	0.746294	0.000000	0.000000	0.0	1	-
1	0.777919	1515.968019	389.907771	26.0	1	P41_03
1	0.969954	1688.166110	110.372286	3.0	1	P41_02
0	0.881085	0.000000	0.000000	0.0	1	-
1	0.916228	1681.461469	59.493783	2.0	1	P41_01
0	0.934507	0.000000	0.000000	0.0	1	-
0	0.758688	0.000000	0.000000	0.0	1	-
1	0.499608	1624.037398	304.051120	6.0	1	P41_06_notch
0	0.417103	0.000000	0.000000	0.0	1	-
1	0.524538	1501.487343	374.998266	17.0	1	P41_05
0	0.743277	0.000000	0.000000	0.0	1	-
1	0.756375	1627.123555	180.232268	6.0	1	P41_04
0	0.599904	0.000000	0.000000	0.0	1	-
1	0.481821	1688.166110	158.471304	3.0	1	P41_02
0	0.628984	0.000000	0.000000	0.0	1	-
0	0.830796	0.000000	0.000000	0.0	1	-
1	0.479497	1627.123555	110.769225	6.0	1	P41_04
0	0.914659	0.000000	0.000000	0.0	1	-
1	0.627070	1688.166110	370.768935	3.0	1	P41_02
0	0.524743	0.000000	0.000000	0.0	1	-
1	0.782478	1501.487343	15.372006	17.0	1	P41_05
0	0.818734	0.000000	0.000000	0.0	1	-
1	0.659474	1688.166110	356.562680	3.0	1	P41_02
0	0.957437	0.000000	0.000000	0.0	1	-
1	0.667313	1515.968019	359.483745	26.0	1	P41_03
0	0.813206	0.000000	0.000000	0.0	1	-
1	0.438505	1501.487343	203.562194	17.0	1	P41_05
1	0.701378	1515.968019	267.192032	26.0	1	P41_03
0	0.500616	0.000000	0.000000	0.0	1	-
1	0.550839	1681.461469	275.458759	2.0	1	P41_01
0	0.715787	0.000000	0.000000	0.0	1	-
1	0.584683	1627.123555	99.705064	6.0	1	P41_04
0	0.403406	0.000000	0.000000	0.0	1	-
0	0.457091	0.000000	0.000000	0.0	1	-
0	0.503779	0.000000	0.000000	0.0	1	-
1	0.404649	1624.037398	110.165865	6.0	1	P41_06_notch
0	0.994895	0.000000	0.000000	0.0	1	-
0	0.464540	0.000000	0.000000	0.0	1	-
0	0.966227	0.000000	0.000000	0.0	1	-
0	0.578802	0.000000	0.000000	0.0	1	-
0	0.842941	0.000000	0.000000	0.0	1	-
0	0.946680	0.000000	0.000000	0.0	1	-
0	0.817473	0.000000	0.000000	0.0	1	-
1	0.685512	1515.968019	25.856089	26.0	1	P41_03
1	0.828614	1688.166110	35.010755	3.0	1	P41_02
0	0.935857	0.000000	0.000000	0.0	1	-
0	0.619884	0.000000	0.000000	0.0	1	-
1	0.631362	1501.487343	391.799504	17.0	1	P41_05
0	0.593807	0.000000	0.000000	0.0	1	-
0	0.441018	0.000000	0.000000	0.0	1	-
1	0.465186	1501.487343	132.312417	17.0	1	P41_05
1	0.444946	1681.461469	50.590271	2.0	1	P41_01
0	0.433401	0.000000	0.000000	0.0	1	-
0	0.743737	0.000000	0.000000	0.0	1	-
1	0.955159	1681.461469	376.201246	2.0	1	P41_01
0	0.442360	0.000000	0.000000	0.0	1	-
1	0.619593	1501.487343	357.060726	17.0	1	P41_05
1	0.678538	1688.166110	299.255635	3.0	1	P41_02
1	0.977691	1501.487343	353.809784	17.0	1	P41_05
0	0.697597	0.000000	0.000000	0.0	1	-
1	0.683187	1688.166110	216.139917	3.0	1	P41_02
1	0.701927	1681.461469	217.150913	2.0	1	P41_01
0	0.413856	0.000000	0.000000	0.0	1	-
0	0.907111	0.000000	0.000000	0.0	1	-
0	0.961611	0.000000	0.000000	0.0	1	-
1	0.460177	1627.123555	275.311351	6.0	1	P41_04
1	0.957029	1627.123555	16.287687	6.0	1	P41_04
0	0.754520	0.000000	0.000000	0.0	1	-
0	0.460847	0.000000	0.000000	0.0	1	-
1	0.587412	1681.461469	287.184249	2.0	1	P41_01
1	0.410340	1627.123555	202.118387	6.0	1	P41_04
0	0.608038	0.000000	0.000000	0.0	1	-
0	0.749637	0.000000	0.000000	0.0	1	-
1	0.541162	1515.968019	194.509035	26.0	1	P41_03
1	0.572773	1624.037398	155.217595	6.0	1	P41_06_notch
0	0.795769	0.000000	0.000000	0.0	1	-
0	0.883965	0.000000	0.000000	0.0	1	-
0	0.449993	0.000000	0.000000	0.0	1	-
1	0.460444	1624.037398	280.455843	6.0	1	P41_06_notch
1	0.438888	1627.123555	113.080642	6.0	1	P41_04
1	0.613020	1627.123555	427.389846	6.0	1	P41_04
0	0.531324	0.000000	0.000000	0.0	1	-
1	0.639098	1681.461469	133.539828	2.0	1	P41_01
1	0.879650	1515.968019	321.774628	26.0	1	P41_03
1	0.664657	1627.123555	142.005866	6.0	1	P41_04
1	0.668636	1624.037398	381.991018	6.0	1	P41_06_notch
1	0.944570	1688.166110	417.889942	3.0	1	P41_02
0	0.471960	0.000000	0.000000	0.0	1	-
0	0.685867	0.000000	0.000000	0.0	1	-
1	0.685063	1627.123555	31.304767	6.0	1	P41_04
0	0.762004	0.000000	0.000000	0.0	1	-
1	0.703033	1501.487343	357.942813	17.0	1	P41_05
0	0.935057	0.000000	0.000000	0.0	1	-
1	0.417296	1681.461469	67.398635	2.0	1	P41_01
1	0.962706	1627.123555	99.193363	6.0	1	P41_04
0	0.661188	0.000000	0.000000	0.0	1	-
0	0.985998	0.000000	0.000000	0.0	1	-
0	0.882208	0.000000	0.000000	0.0	1	-
1	0.460240	1624.037398	326.518143	6.0	1	P41_06_notch
1	0.584352	1501.487343	230.428170	17.0	1	P41_05
1	0.829921	1624.037398	143.097646	6.0	1	P41_06_notch
0	0.603938	0.000000	0.000000	0.0	1	-
0	0.514298	0.000000	0.000000	0.0	1	-
0	0.595427	0.000000	0.000000	0.0	1	-
1	0.521990	1681.461469	394.281679	2.0	1	P41_01
0	0.584746	0.000000	0.000000	0.0	1	-
1	0.723477	1515.968019	252.264670	26.0	1	P41_03
0	0.708603	0.000000	0.000000	0.0	1	-
1	0.842119	1627.123555	89.316681	6.0	1	P41_04
1	0.926697	1501.487343	143.100331	17.0	1	P41_05
0	0.493425	0.000000	0.000000	0.0	1	-
1	0.463741	1515.968019	76.136050	26.0	1	P41_03
1	0.674443	1501.487343	206.419842	17.0	1	P41_05
0	0.427783	0.000000	0.000000	0.0	1	-
1	0.935037	1627.123555	194.165017	6.0	1	P41_04
0	0.655400	0.000000	0.000000	0.0	1	-
0	0.961602	0.000000	0.000000	0.0	1	-
1	0.651103	1515.968019	411.869084	26.0	1	P41_03
0	0.408279	0.000000	0.000000	0.0	1	-
1	0.792731	1501.487343	259.630948	17.0	1	P41_05
0	0.560904	0.000000	0.000000	0.0	1	-
1	0.744602	1681.461469	249.312442	2.0	1	P41_01
0	0.628489	0.000000	0.000000	0.0	1	-
0	0.781489	0.000000	0.000000	0.0	1	-
0	0.500564	0.000000	0.000000	0.0	1	-
1	0.787189	1515.968019	204.345220	26.0	1	P41_03
1	0.802504	1624.037398	337.892520	6.0	1	P41_06_notch
1	0.520278	1681.461469	84.555299	2.0	1	P41_01
1	0.669053	1688.166110	249.946723	3.0	1	P41_02
0	0.885227	0.000000	0.000000	0.0	1	-
0	0.843925	0.000000	0.000000	0.0	1	-
1	0.727114	1624.037398	11.613226	6.0	1	P41_06_notch
0	0.954349	0.000000	0.000000	0.0	1	-
0	0.590789	0.000000	0.000000	0.0	1	-
0	0.900907	0.000000	0.000000	0.0	1	-
1	0.464686	1515.968019	323.288413	26.0	1	P41_03
0	0.776307	0.000000	0.000000	0.0	1	-
1	0.407881	1627.123555	370.400276	6.0	1	P41_04
1	0.919073	1501.487343	330.089936	17.0	1	P41_05
0	0.932924	0.000000	0.000000	0.0	1	-
1	0.766088	1515.968019	227.167600	26.0	1	P41_03
1	0.780561	1688.166110	191.146807	3.0	1	P41_02
1	0.428442	1501.487343	312.076562	17.0	1	P41_05
0	0.712458	0.000000	0.000000	0.0	1	-
1	0.636627	1627.123555	294.458031	6.0	1	P41_04
1	0.884655	1681.461469	330.323302	2.0	1	P41_01
1	0.769667	1624.037398	136.946023	6.0	1	P41_06_notch
1	0.909459	1501.487343	218.326292	17.0	1	P41_05
0	0.780985	0.000000	0.000000	0.0	1	-
0	0.448489	0.000000	0.000000	0.0	1	-
1	0.880533	1627.123555	258.111499	6.0	1	P41_04
0	0.998711	0.000000	0.000000	0.0	1	-
0	0.961589	0.000000	0.000000	0.0	1	-
0	0.708050	0.000000	0.000000	0.0	1	-
1	0.882134	1627.123555	152.138991	6.0	1	P41_04
0	0.840906	0.000000	0.000000	0.0	1	-
1	0.873320	1501.487343	330.626217	17.0	1	P41_05
0	0.919758	0.000000	0.000000	0.0	1	-
0	0.997791	0.000000	0.000000	0.0	1	-
1	0.401506	1624.037398	244.343138	6.0	1	P41_06_notch
1	0.450570	1624.037398	328.224342	6.0	1	P41_06_notch
0	0.941517	0.000000	0.000000	0.0	1	-
0	0.845151	0.000000	0.000000	0.0	1	-
1	0.639775	1501.487343	249.985060	17.0	1	P41_05
0	0.839291	0.000000	0.000000	0.0	1	-
1	0.495045	1627.123555	413.249043	6.0	1	P41_04
0	0.554573	0.000000	0.000000	0.0	1	-
0	0.823647	0.000000	0.000000	0.0	1	-
1	0.810244	1515.968019	140.567182	26.0	1	P41_03
0	0.769429	0.000000	0.000000	0.0	1	-
0	0.620166	0.000000	0.000000	0.0	1	-
0	0.959294	0.000000	0.000000	0.0	1	-
1	0.752330	1515.968019	179.014322	26.0	1	P41_03
1	0.618803	1627.123555	361.963217	6.0	1	P41_04
1	0.733098	1515.968019	205.081217	26.0	1	P41_03
1	0.817408	1501.487343	2.643387	17.0	1	P41_05
1	0.627613	1501.487343	328.364973	17.0	1	P41_05
0	0.694240	0.000000	0.000000	0.0	1	-
1	0.726987	1681.461469	332.666786	2.0	1	P41_01
0	0.655227	0.000000	0.000000	0.0	1	-
0	0.794875	0.000000	0.000000	0.0	1	-
0	0.569664	0.000000	0.000000	0.0	1	-
0	0.405171	0.000000	0.000000	0.0	1	-
1	0.477982	1515.968019	160.669826	26.0	1	P41_03
1	0.688931	1688.166110	172.283827	3.0	1	P41_02
0	0.704213	0.000000	0.000000	0.0	1	-
0	0.492010	0.000000	0.000000	0.0	1	-
1	0.658466	1688.166110	294.778740	3.0	1	P41_02
0	0.841813	0.000000	0.000000	0.0	1	-
1	0.974915	1681.461469	31.017210	2.0	1	P41_01
1	0.764575	1627.123555	281.286790	6.0	1	P41_04
0	0.780779	0.000000	0.000000	0.0	1	-
0	0.782671	0.000000	0.000000	0.0	1	-
1	0.984970	1681.461469	356.066351	2.0	1	P41_01
0	0.728189	0.000000	0.000000	0.0	1	-
0	0.581715	0.000000	0.000000	0.0	1	-
1	0.758112	1624.037398	309.560443	6.0	1	P41_06_notch
0	0.482108	0.000000	0.000000	0.0	1	-
0	0.405747	0.000000	0.000000	0.0	1	-
0	0.869522	0.000000	0.000000	0.0	1	-
1	0.717114	1501.487343	302.766745	17.0	1	P41_05
1	0.425396	1688.166110	413.693570	3.0	1	P41_02
0	0.870826	0.000000	0.000000	0.0	1	-
0	0.679667	0.000000	0.000000	0.0	1	-
1	0.931460	1627.123555	297.456589	6.0	1	P41_04
1	0.711083	1627.123555	11.654159	6.0	1	P41_04
0	0.906540	0.000000	0.000000	0.0	1	-
0	0.535615	0.000000	0.000000	0.0	1	-
1	0.658875	1624.037398	353.999220	6.0	1	P41_06_notch
1	0.708797	1624.037398	303.222702	6.0	1	P41_06_notch
1	0.992044	1515.968019	0.338582	26.0	1	P41_03
1	0.538127	1624.037398	37.581401	6.0	1	P41_06_notch
0	0.854907	0.000000	0.000000	0.0	1	-
1	0.524054	1515.968019	66.915608	26.0	1	P41_03
1	0.961605	1515.968019	351.007034	26.0	1	P41_03
0	0.840670	0.000000	0.000000	0.0	1	-
0	0.444319	0.000000	0.000000	0.0	1	-
0	0.463685	0.000000	0.000000	0.0	1	-
1	0.606621	1681.461469	0.519596	2.0	1	P41_01
1	0.490395	1624.037398	251.966083	6.0	1	P41_06_notch
0	0.911965	0.000000	0.000000	0.0	1	-
1	0.596587	1681.461469	113.804937	2.0	1	P41_01
1	0.479743	1688.166110	23.037389	3.0	1	P41_02
0	0.743332	0.000000	0.000000	0.0	1	-
1	0.806106	1515.968019	118.642539	26.0	1	P41_03
0	0.813235	0.000000	0.000000	0.0	1	-
0	0.878060	0.000000	0.000000	0.0	1	-
1	0.634803	1515.968019	80.604785	26.0	1	P41_03
1	0.677719	1627.123555	161.742644	6.0	1	P41_04
0	0.559314	0.000000	0.000000	0.0	1	-
0	0.558025	0.000000	0.000000	0.0	1	-
0	0.634470	0.000000	0.000000	0.0	1	-
0	0.808796	0.000000	0.000000	0.0	1	-
1	0.408834	1515.968019	259.414527	26.0	1	P41_03
1	0.639992	1627.123555	354.686724	6.0	1	P41_04
0	0.947012	0.000000	0.000000	0.0	1	-
1	0.553485	1624.037398	347.425588	6.0	1	P41_06_notch
0	0.638332	0.000000	0.000000	0.0	1	-
1	0.667936	1501.487343	160.410254	17.0	1	P41_05
1	0.500337	1515.968019	151.829915	26.0	1	P41_03
0	0.547910	0.000000	0.000000	0.0	1	-
0	0.514607	0.000000	0.000000	0.0	1	-
0	0.455011	0.000000	0.000000	0.0	1	-
1	0.400700	1627.123555	95.843361	6.0	1	P41_04
0	0.409934	0.000000	0.000000	0.0	1	-
0	0.410562	0.000000	0.000000	0.0	1	-
0	0.742243	0.000000	0.000000	0.0	1	-
0	0.564158	0.000000	0.000000	0.0	1	-
1	0.780512	1681.461469	218.164760	2.0	1	P41_01
0	0.403962	0.000000	0.000000	0.0	1	-
0	0.402828	0.000000	0.000000	0.0	1	-
0	0.818017	0.000000	0.000000	0.0	1	-
0	0.958891	0.000000	0.000000	0.0	1	-
0	0.406975	0.000000	0.000000	0.0	1	-
1	0.492435	1627.123555	388.619946	6.0	1	P41_04
1	0.554953	1627.123555	430.415035	6.0	1	P41_04
1	0.587328	1681.461469	387.720729	2.0	1	P41_01
0	0.926613	0.000000	0.000000	0.0	1	-
0	0.672217	0.000000	0.000000	0.0	1	-
1	0.458339	1501.487343	145.692489	17.0	1	P41_05
0	0.450892	0.000000	0.000000	0.0	1	-
1	0.597563	1624.037398	83.270537	6.0	1	P41_06_notch
1	0.440831	1627.123555	318.820092	6.0	1	P41_04
1	0.788784	1627.123555	102.357731	6.0	1	P41_04
0	0.733705	0.000000	0.000000	0.0	1	-
1	0.535964	1624.037398	436.807957	6.0	1	P41_06_notch
0	0.695662	0.000000	0.000000	0.0	1	-
1	0.594853	1627.123555	179.373447	6.0	1	P41_04
0	0.457377	0.000000	0.000000	0.0	1	-
0	0.766313	0.000000	0.000000	0.0	1	-
0	0.418287	0.000000	0.000000	0.0	1	-
1	0.595527	1515.968019	408.033283	26.0	1	P41_03
0	0.523292	0.000000	0.000000	0.0	1	-
0	0.532620	0.000000	0.000000	0.0	1	-
1	0.730421	1688.166110	391.337013	3.0	1	P41_02
0	0.613121	0.000000	0.000000	0.0	1	-
0	0.857027	0.000000	0.000000	0.0	1	-
1	0.607933	1515.968019	174.333761	26.0	1	P41_03
1	0.674241	1515.968019	26.062362	26.0	1	P41_03
0	0.437653	0.000000	0.000000	0.0	1	-
1	0.807407	1688.166110	216.526850	3.0	1	P41_02
0	0.604402	0.000000	0.000000	0.0	1	-
0	0.745985	0.000000	0.000000	0.0	1	-
0	0.945341	0.000000	0.000000	0.0	1	-
0	0.987773	0.000000	0.000000	0.0	1	-
0	0.772206	0.000000	0.000000	0.0	1	-
0	0.407756	0.000000	0.000000	0.0	1	-
1	0.902922	1515.968019	355.896107	26.0	1	P41_03
0	0.755627	0.000000	0.000000	0.0	1	-
0	0.553219	0.000000	0.000000	0.0	1	-
0	0.671349	0.000000	0.000000	0.0	1	-
1	0.839525	1681.461469	283.489042	2.0	1	P41_01
1	0.934653	1627.123555	239.798329	6.0	1	P41_04
0	0.821181	0.000000	0.000000	0.0	1	-
0	0.631882	0.000000	0.000000	0.0	1	-
1	0.445134	1624.037398	217.672436	6.0	1	P41_06_notch
1	0.781983	1624.037398	353.422891	6.0	1	P41_06_notch
0	0.911982	0.000000	0.000000	0.0	1	-
0	0.950653	0.000000	0.000000	0.0	1	-
1	0.673623	1681.461469	324.584415	2.0	1	P41_01
1	0.479442	1515.968019	86.147966	26.0	1	P41_03
0	0.902237	0.000000	0.000000	0.0	1	-
1	0.522858	1627.123555	327.955376	6.0	1	P41_04
1	0.458317	1688.166110	444.542128	3.0	1	P41_02
0	0.718318	0.000000	0.000000	0.0	1	-
0	0.923936	0.000000	0.000000	0.0	1	-
0	0.676862	0.000000	0.000000	0.0	1	-
1	0.980730	1688.166110	107.351047	3.0	1	P41_02
1	0.850185	1688.166110	353.390314	3.0	1	P41_02
1	0.777016	1688.166110	350.051346	3.0	1	P41_02
0	0.839067	0.000000	0.000000	0.0	1	-
0	0.426882	0.000000	0.000000	0.0	1	-
0	0.785741	0.000000	0.000000	0.0	1	-
1	0.804364	1627.123555	150.836936	6.0	1	P41_04
1	0.541404	1624.037398	106.968370	6.0	1	P41_06_notch
0	0.404414	0.000000	0.000000	0.0	1	-
1	0.979404	1681.461469	117.817623	2.0	1	P41_01
1	0.614335	1515.968019	110.064236	26.0	1	P41_03
1	0.400506	1501.487343	371.853504	17.0	1	P41_05
0	0.658798	0.000000	0.000000	0.0	1	-
1	0.734606	1624.037398	101.215319	6.0	1	P41_06_notch
1	0.882499	1501.487343	219.659342	17.0	1	P41_05
0	0.984587	0.000000	0.000000	0.0	1	-
0	0.786162	0.000000	0.000000	0.0	1	-
1	0.882436	1624.037398	280.773356	6.0	1	P41_06_notch
0	0.959640	0.000000	0.000000	0.0	1	-
0	0.460547	0.000000	0.000000	0.0	1	-
0	0.995619	0.000000	0.000000	0.0	1	-
1	0.989076	1627.123555	48.014397	6.0	1	P41_04
0	0.456539	0.000000	0.000000	0.0	1	-
0	0.653608	0.000000	0.000000	0.0	1	-
0	0.835592	0.000000	0.000000	0.0	1	-
0	0.568900	0.000000	0.000000	0.0	1	-
1	0.862341	1681.461469	413.456347	2.0	1	P41_01
0	0.955294	0.000000	0.000000	0.0	1	-
0	0.800679	0.000000	0.000000	0.0	1	-
1	0.750463	1688.166110	249.582520	3.0	1	P41_02
0	0.555378	0.000000	0.000000	0.0	1	-
0	0.531278	0.000000	0.000000	0.0	1	-
1	0.862409	1501.487343	5.195875	17.0	1	P41_05
1	0.497270	1515.968019	395.529391	26.0	1	P41_03
1	0.437707	1624.037398	280.532084	6.0	1	P41_06_notch
1	0.878351	1681.461469	0.182445	2.0	1	P41_01
0	0.555278	0.000000	0.000000	0.0	1	-
0	0.464388	0.000000	0.000000	0.0	1	-
0	0.972527	0.000000	0.000000	0.0	1	-
0	0.676429	0.000000	0.000000	0.0	1	-
0	0.499948	0.000000	0.000000	0.0	1	-
0	0.587978	0.000000	0.000000	0.0	1	-
0	0.876871	0.000000	0.000000	0.0	1	-
0	0.853827	0.000000	0.000000	0.0	1	-
1	0.886971	1501.487343	384.425925	17.0	1	P41_05
1	0.436045	1515.968019	54.327585	26.0	1	P41_03
1	0.471004	1688.166110	56.829994	3.0	1	P41_02
0	0.624389	0.000000	0.000000	0.0	1	-
1	0.869932	1627.123555	104.497267	6.0	1	P41_04
0	0.928705	0.000000	0.000000	0.0	1	-
1	0.494008	1624.037398	132.598117	6.0	1	P41_06_notch
0	0.920924	0.000000	0.000000	0.0	1	-
0	0.983228	0.000000	0.000000	0.0	1	-
1	0.910030	1681.461469	228.161460	2.0	1	P41_01
1	0.869701	1624.037398	348.778970	6.0	1	P41_06_notch
0	0.959406	0.000000	0.000000	0.0	1	-
0	0.690576	0.000000	0.000000	0.0	1	-
1	0.933197	1501.487343	242.188690	17.0	1	P41_05
1	0.638025	1688.166110	227.725471	3.0	1	P41_02
1	0.542159	1688.166110	413.629026	3.0	1	P41_02
1	0.915738	1681.461469	401.369712	2.0	1	P41_01
0	0.969420	0.000000	0.000000	0.0	1	-
0	0.796941	0.000000	0.000000	0.0	1	-
1	0.455860	1688.166110	145.583772	3.0	1	P41_02
0	0.853344	0.000000	0.000000	0.0	1	-
0	0.763733	0.000000	0.000000	0.0	1	-
1	0.446801	1624.037398	1.881367	6.0	1	P41_06_notch
0	0.572809	0.000000	0.000000	0.0	1	-
1	0.507165	1515.968019	169.383346	26.0	1	P41_03
0	0.808765	0.000000	0.000000	0.0	1	-
0	0.686092	0.000000	0.000000	0.0	1	-
1	0.716080	1515.968019	201.870587	26.0	1	P41_03
1	0.481105	1501.487343	405.508237	17.0	1	P41_05
0	0.723766	0.000000	0.000000	0.0	1	-
0	0.755975	0.000000	0.000000	0.0	1	-
0	0.998723	0.000000	0.000000	0.0	1	-
0	0.831236	0.000000	0.000000	0.0	1	-
0	0.967695	0.000000	0.000000	0.0	1	-
0	0.554863	0.000000	0.000000	0.0	1	-
1	0.889967	1627.123555	379.293778	6.0	1	P41_04
0	0.637194	0.000000	0.000000	0.0	1	-
0	0.928423	0.000000	0.000000	0.0	1	-
0	0.817055	0.000000	0.000000	0.0	1	-
0	0.815737	0.000000	0.000000	0.0	1	-
1	0.558550	1688.166110	404.170599	3.0	1	P41_02
1	0.814382	1624.037398	59.374010	6.0	1	P41_06_notch
1	0.613964	1515.968019	386.066173	26.0	1	P41_03
0	0.640577	0.000000	0.000000	0.0	1	-
0	0.919853	0.000000	0.000000	0.0	1	-
1	0.496851	1515.968019	71.728935	26.0	1	P41_03
1	0.434251	1627.123555	121.697330	6.0	1	P41_04
1	0.561013	1515.968019	214.376521	26.0	1	P41_03
0	0.766456	0.000000	0.000000	0.0	1	-
0	0.554881	0.000000	0.000000	0.0	1	-
1	0.975676	1501.487343	205.813044	17.0	1	P41_05
0	0.657631	0.000000	0.000000	0.0	1	-
1	0.552990	1681.461469	421.022542	2.0	1	P41_01
0	0.918626	0.000000	0.000000	0.0	1	-
0	0.692399	0.000000	0.000000	0.0	1	-
0	0.589688	0.000000	0.000000	0.0	1	-
0	0.577676	0.000000	0.000000	0.0	1	-
1	0.525134	1681.461469	361.362966	2.0	1	P41_01
1	0.475638	1627.123555	85.267407	6.0	1	P41_04
0	0.512916	0.000000	0.000000	0.0	1	-
0	0.508269	0.000000	0.000000	0.0	1	-
1	0.611776	1501.487343	385.793045	17.0	1	P41_05
0	0.719709	0.000000	0.000000	0.0	1	-
1	0.540291	1501.487343	43.509894	17.0	1	P41_05
0	0.660280	0.000000	0.000000	0.0	1	-
1	0.983958	1627.123555	101.563877	6.0	1	P41_04
0	0.834318	0.000000	0.000000	0.0	1	-
0	0.983338	0.000000	0.000000	0.0	1	-
1	0.706052	1627.123555	209.460090	6.0	1	P41_04
0	0.784778	0.000000	0.000000	0.0	1	-
1	0.404104	1681.461469	50.234706	2.0	1	P41_01
0	0.886391	0.000000	0.000000	0.0	1	-
0	0.436023	0.000000	0.000000	0.0	1	-
0	0.540223	0.000000	0.000000	0.0	1	-
1	0.809128	1688.166110	419.739142	3.0	1	P41_02
0	0.530684	0.000000	0.000000	0.0	1	-
1	0.809042	1501.487343	354.319469	17.0	1	P41_05
0	0.810774	0.000000	0.000000	0.0	1	-
0	0.981769	0.000000	0.000000	0.0	1	-
1	0.430979	1501.487343	50.315155	17.0	1	P41_05
0	0.527061	0.000000	0.000000	0.0	1	-
1	0.781360	1501.487343	337.587480	17.0	1	P41_05
1	0.864676	1681.461469	10.104117	2.0	1	P41_01
1	0.502562	1681.461469	59.616681	2.0	1	P41_01
0	0.675158	0.000000	0.000000	0.0	1	-
1	0.975429	1515.968019	138.848112	26.0	1	P41_03
1	0.683936	1515.968019	291.128531	26.0	1	P41_03
0	0.845482	0.000000	0.000000	0.0	1	-
1	0.800247	1624.037398	233.449229	6.0	1	P41_06_notch
0	0.475804	0.000000	0.000000	0.0	1	-
0	0.996797	0.000000	0.000000	0.0	1	-
0	0.953603	0.000000	0.000000	0.0	1	-
0	0.545156	0.000000	0.000000	0.0	1	-
1	0.929453	1624.037398	218.913655	6.0	1	P41_06_notch
1	0.786631	1681.461469	369.830080	2.0	1	P41_01
1	0.921938	1515.968019	213.010252	26.0	1	P41_03
0	0.571473	0.000000	0.000000	0.0	1	-
1	0.722853	1501.487343	27.941161	17.0	1	P41_05
0	0.658887	0.000000	0.000000	0.0	1	-
1	0.592963	1515.968019	93.689925	26.0	1	P41_03
1	0.902694	1515.968019	197.945865	26.0	1	P41_03
0	0.575507	0.000000	0.000000	0.0	1	-
1	0.862312	1688.166110	133.805873	3.0	1	P41_02
1	0.518484	1624.037398	441.664194	6.0	1	P41_06_notch
1	0.804147	1515.968019	69.965397	26.0	1	P41_03
1	0.612569	1624.037398	169.225663	6.0	1	P41_06_notch
1	0.614404	1688.166110	194.876200	3.0	1	P41_02
1	0.800656	1681.461469	196.072558	2.0	1	P41_01
0	0.638656	0.000000	0.000000	0.0	1	-
1	0.755650	1515.968019	401.086010	26.0	1	P41_03
1	0.520956	1688.166110	229.213067	3.0	1	P41_02
1	0.519527	1515.968019	324.994910	26.0	1	P41_03
1	0.771716	1681.461469	357.358361	2.0	1	P41_01
0	0.993180	0.000000	0.000000	0.0	1	-
1	0.690720	1624.037398	387.989695	6.0	1	P41_06_notch
0	0.851454	0.000000	0.000000	0.0	1	-
0	0.752495	0.000000	0.000000	0.0	1	-
0	0.852586	0.000000	0.000000	0.0	1	-
1	0.702074	1681.461469	200.358082	2.0	1	P41_01
0	0.902079	0.000000	0.000000	0.0	1	-
0	0.911879	0.000000	0.000000	0.0	1	-
1	0.641512	1627.123555	84.259402	6.0	1	P41_04
0	0.546748	0.000000	0.000000	0.0	1	-
1	0.831878	1688.166110	14.318183	3.0	1	P41_02
0	0.882829	0.000000	0.000000	0.0	1	-
0	0.923909	0.000000	0.000000	0.0	1	-
1	0.628346	1681.461469	186.055988	2.0	1	P41_01
1	0.631070	1681.461469	371.294220	2.0	1	P41_01
1	0.426864	1515.968019	365.288093	26.0	1	P41_03
1	0.684817	1681.461469	221.804336	2.0	1	P41_01
1	0.962585	1688.166110	17.448546	3.0	1	P41_02
1	0.688811	1627.123555	52.040667	6.0	1	P41_04
1	0.654417	1627.123555	236.647327	6.0	1	P41_04
1	0.779114	1624.037398	253.908962	6.0	1	P41_06_notch
1	0.976873	1688.166110	252.547534	3.0	1	P41_02
1	0.754520	1501.487343	198.898006	17.0	1	P41_05
0	0.553312	0.000000	0.000000	0.0	1	-
1	0.893190	1681.461469	244.553159	2.0	1	P41_01
0	0.464290	0.000000	0.000000	0.0	1	-
1	0.978863	1624.037398	407.716236	6.0	1	P41_06_notch
0	0.456791	0.000000	0.000000	0.0	1	-
0	0.874110	0.000000	0.000000	0.0	1	-
1	0.650075	1681.461469	131.072302	2.0	1	P41_01
1	0.610775	1515.968019	240.338525	26.0	1	P41_03
1	0.623044	1501.487343	2.530194	17.0	1	P41_05
0	0.662450	0.000000	0.000000	0.0	1	-
1	0.657809	1624.037398	186.494251	6.0	1	P41_06_notch
0	0.418825	0.000000	0.000000	0.0	1	-
1	0.873559	1627.123555	313.182349	6.0	1	P41_04
1	0.668867	1624.037398	131.342601	6.0	1	P41_06_notch
0	0.869120	0.000000	0.000000	0.0	1	-
0	0.651772	0.000000	0.000000	0.0	1	-
0	0.621499	0.000000	0.000000	0.0	1	-
1	0.637183	1688.166110	311.795297	3.0	1	P41_02
0	0.904429	0.000000	0.000000	0.0	1	-
1	0.995273	1688.166110	191.525539	3.0	1	P41_02
1	0.441933	1515.968019	378.321781	26.0	1	P41_03
1	0.631542	1515.968019	340.043931	26.0	1	P41_03
1	0.910956	1515.968019	105.448845	26.0	1	P41_03
1	0.663236	1515.968019	294.327422	26.0	1	P41_03
1	0.583079	1515.968019	81.289189	26.0	1	P41_03
1	0.806743	1627.123555	52.576768	6.0	1	P41_04
0	0.733961	0.000000	0.000000	0.0	1	-
0	0.451106	0.000000	0.000000	0.0	1	-
1	0.673102	1501.487343	140.534359	17.0	1	P41_05
1	0.499874	1501.487343	207.485632	17.0	1	P41_05
0	0.575487	0.000000	0.000000	0.0	1	-
0	0.751497	0.000000	0.000000	0.0	1	-
0	0.853816	0.000000	0.000000	0.0	1	-
0	0.887399	0.000000	0.000000	0.0	1	-
1	0.920239	1515.968019	276.132335	26.0	1	P41_03
1	0.410535	1501.487343	260.373802	17.0	1	P41_05
1	0.476398	1515.968019	275.397797	26.0	1	P41_03
0	0.590412	0.000000	0.000000	0.0	1	-
1	0.975754	1627.123555	200.086181	6.0	1	P41_04
1	0.892060	1624.037398	307.069034	6.0	1	P41_06_notch
0	0.788967	0.000000	0.000000	0.0	1	-
0	0.633843	0.000000	0.000000	0.0	1	-
0	0.724688	0.000000	0.000000	0.0	1	-
0	0.449173	0.000000	0.000000	0.0	1	-
1	0.558863	1627.123555	192.684131	6.0	1	P41_04
0	0.741533	0.000000	0.000000	0.0	1	-
0	0.421135	0.000000	0.000000	0.0	1	-
1	0.781072	1688.166110	140.940776	3.0	1	P41_02
0	0.439786	0.000000	0.000000	0.0	1	-
0	0.524583	0.000000	0.000000	0.0	1	-
1	0.511186	1681.461469	396.437807	2.0	1	P41_01
0	0.524403	0.000000	0.000000	0.0	1	-
0	0.529203	0.000000	0.000000	0.0	1	-
0	0.458516	0.000000	0.000000	0.0	1	-
1	0.906980	1515.968019	63.022848	26.0	1	P41_03
1	0.987522	1515.968019	78.891095	26.0	1	P41_03
1	0.739542	1627.123555	185.981196	6.0	1	P41_04
1	0.458152	1624.037398	180.984305	6.0	1	P41_06_notch
1	0.940736	1681.461469	368.464118	2.0	1	P41_01
0	0.600595	0.000000	0.000000	0.0	1	-
0	0.953486	0.000000	0.000000	0.0	1	-
0	0.533654	0.000000	0.000000	0.0	1	-
1	0.970420	1681.461469	381.273504	2.0	1	P41_01
1	0.866414	1501.487343	235.273879	17.0	1	P41_05
1	0.946090	1627.123555	50.342402	6.0	1	P41_04
0	0.931069	0.000000	0.000000	0.0	1	-
0	0.780671	0.000000	0.000000	0.0	1	-
0	0.454692	0.000000	0.000000	0.0	1	-
1	0.679846	1624.037398	125.375482	6.0	1	P41_06_notch
0	0.565663	0.000000	0.000000	0.0	1	-
1	0.607751	1515.968019	169.440918	26.0	1	P41_03
0	0.911127	0.000000	0.000000	0.0	1	-
1	0.659849	1681.461469	96.785686	2.0	1	P41_01
1	0.439766	1681.461469	120.737792	2.0	1	P41_01
0	0.789523	0.000000	0.000000	0.0	1	-
1	0.420898	1681.461469	14.731418	2.0	1	P41_01
1	0.770026	1627.123555	353.523814	6.0	1	P41_04
0	0.604640	0.000000	0.000000	0.0	1	-
0	0.741820	0.000000	0.000000	0.0	1	-
0	0.438551	0.000000	0.000000	0.0	1	-
0	0.710975	0.000000	0.000000	0.0	1	-
0	0.886864	0.000000	0.000000	0.0	1	-
0	0.860042	0.000000	0.000000	0.0	1	-
1	0.720838	1627.123555	74.955152	6.0	1	P41_04
1	0.744080	1624.037398	379.752751	6.0	1	P41_06_notch
0	0.782744	0.000000	0.000000	0.0	1	-
0	0.520221	0.000000	0.000000	0.0	1	-
1	0.896559	1688.166110	28.749199	3.0	1	P41_02
0	0.803903	0.000000	0.000000	0.0	1	-
0	0.450819	0.000000	0.000000	0.0	1	-
1	0.790751	1688.166110	261.106434	3.0	1	P41_02
1	0.927501	1515.968019	213.637026	26.0	1	P41_03
1	0.525297	1688.166110	318.109824	3.0	1	P41_02
1	0.591217	1681.461469	228.407113	2.0	1	P41_01
0	0.863092	0.000000	0.000000	0.0	1	-
1	0.647376	1515.968019	294.570005	26.0	1	P41_03
0	0.525445	0.000000	0.000000	0.0	1	-
0	0.475452	0.000000	0.000000	0.0	1	-
0	0.623047	0.000000	0.000000	0.0	1	-
1	0.732219	1624.037398	148.796063	6.0	1	P41_06_notch
1	0.640971	1624.037398	119.242449	6.0	1	P41_06_notch
0	0.564392	0.000000	0.000000	0.0	1	-
0	0.564448	0.000000	0.000000	0.0	1	-
1	0.547641	1627.123555	323.887164	6.0	1	P41_04
0	0.597434	0.000000	0.000000	0.0	1	-
0	0.691038	0.000000	0.000000	0.0	1	-
1	0.507275	1688.166110	304.715788	3.0	1	P41_02
1	0.905187	1501.487343	6.319774	17.0	1	P41_05
0	0.867386	0.000000	0.000000	0.0	1	-
0	0.725174	0.000000	0.000000	0.0	1	-
1	0.608267	1688.166110	297.166041	3.0	1	P41_02
0	0.653055	0.000000	0.000000	0.0	1	-
0	0.756677	0.000000	0.000000	0.0	1	-
0	0.769665	0.000000	0.000000	0.0	1	-
1	0.831981	1688.166110	427.095736	3.0	1	P41_02
0	0.420095	0.000000	0.000000	0.0	1	-
0	0.932667	0.000000	0.000000	0.0	1	-
0	0.725512	0.000000	0.000000	0.0	1	-
0	0.460459	0.000000	0.000000	0.0	1	-
0	0.525368	0.000000	0.000000	0.0	1	-
0	0.591108	0.000000	0.000000	0.0	1	-
1	0.755284	1681.461469	427.129317	2.0	1	P41_01
1	0.988427	1501.487343	91.422361	17.0	1	P41_05
0	0.801188	0.000000	0.000000	0.0	1	-
0	0.789531	0.000000	0.000000	0.0	1	-
0	0.956183	0.000000	0.000000	0.0	1	-
0	0.460388	0.000000	0.000000	0.0	1	-
0	0.445605	0.000000	0.000000	0.0	1	-
0	0.937622	0.000000	0.000000	0.0	1	-
0	0.450026	0.000000	0.000000	0.0	1	-
1	0.726986	1688.166110	15.997271	3.0	1	P41_02
0	0.883570	0.000000	0.000000	0.0	1	-
1	0.864811	1501.487343	49.430733	17.0	1	P41_05
1	0.667314	1515.968019	38.477208	26.0	1	P41_03
0	0.806147	0.000000	0.000000	0.0	1	-
0	0.559010	0.000000	0.000000	0.0	1	-
0	0.528174	0.000000	0.000000	0.0	1	-
1	0.836621	1501.487343	376.771388	17.0	1	P41_05
0	0.810632	0.000000	0.000000	0.0	1	-
0	0.838065	0.000000	0.000000	0.0	1	-
1	0.971280	1515.968019	278.317467	26.0	1	P41_03
1	0.630163	1624.037398	78.902307	6.0	1	P41_06_notch
1	0.834176	1515.968019	383.935512	26.0	1	P41_03
1	0.881791	1681.461469	13.895434	2.0	1	P41_01
0	0.454713	0.000000	0.000000	0.0	1	-
0	0.642648	0.000000	0.000000	0.0	1	-
0	0.530206	0.000000	0.000000	0.0	1	-
0	0.529083	0.000000	0.000000	0.0	1	-
1	0.645829	1515.968019	338.380988	26.0	1	P41_03
1	0.624260	1627.123555	104.379780	6.0	1	P41_04
1	0.575961	1627.123555	291.292190	6.0	1	P41_04
0	0.457487	0.000000	0.000000	0.0	1	-
0	0.781355	0.000000	0.000000	0.0	1	-
1	0.480260	1501.487343	320.546268	17.0	1	P41_05
0	0.741674	0.000000	0.000000	0.0	1	-
0	0.938257	0.000000	0.000000	0.0	1	-
1	0.412211	1515.968019	53.745585	26.0	1	P41_03
0	0.505252	0.000000	0.000000	0.0	1	-
0	0.923521	0.000000	0.000000	0.0	1	-
0	0.545982	0.000000	0.000000	0.0	1	-
1	0.522737	1501.487343	144.281868	17.0	1	P41_05
0	0.725923	0.000000	0.000000	0.0	1	-
0	0.971561	0.000000	0.000000	0.0	1	-
1	0.894805	1627.123555	14.150682	6.0	1	P41_04
0	0.453646	0.000000	0.000000	0.0	1	-
0	0.879431	0.000000	0.000000	0.0	1	-
0	0.503876	0.000000	0.000000	0.0	1	-
1	0.953546	1515.968019	157.193567	26.0	1	P41_03
0	0.771946	0.000000	0.000000	0.0	1	-
1	0.942747	1688.166110	40.528478	3.0	1	P41_02
0	0.621372	0.000000	0.000000	0.0	1	-
0	0.888094	0.000000	0.000000	0.0	1	-
0	0.693217	0.000000	0.000000	0.0	1	-
0	0.869852	0.000000	0.000000	0.0	1	-
0	0.735053	0.000000	0.000000	0.0	1	-
1	0.631742	1681.461469	44.522948	2.0	1	P41_01
0	0.589704	0.000000	0.000000	0.0	1	-
0	0.944086	0.000000	0.000000	0.0	1	-
0	0.772203	0.000000	0.000000	0.0	1	-
1	0.694378	1627.123555	74.092501	6.0	1	P41_04
0	0.513110	0.000000	0.000000	0.0	1	-
1	0.902220	1688.166110	320.257705	3.0	1	P41_02
1	0.627147	1624.037398	422.834258	6.0	1	P41_06_notch
0	0.599966	0.000000	0.000000	0.0	1	-
0	0.521178	0.000000	0.000000	0.0	1	-
0	0.911617	0.000000	0.000000	0.0	1	-
1	0.778117	1624.037398	119.192518	6.0	1	P41_06_notch
1	0.678344	1501.487343	293.238878	17.0	1	P41_05
0	0.981747	0.000000	0.000000	0.0	1	-
1	0.446778	1624.037398	227.620333	6.0	1	P41_06_notch
0	0.667145	0.000000	0.000000	0.0	1	-
1	0.967860	1688.166110	246.480224	3.0	1	P41_02
1	0.897180	1515.968019	77.437557	26.0	1	P41_03
1	0.438993	1624.037398	52.923094	6.0	1	P41_06_notch
0	0.556495	0.000000	0.000000	0.0	1	-
1	0.688834	1501.487343	131.146541	17.0	1	P41_05
0	0.887675	0.000000	0.000000	0.0	1	-
0	0.843798	0.000000	0.000000	0.0	1	-
0	0.809365	0.000000	0.000000	0.0	1	-
0	0.897815	0.000000	0.000000	0.0	1	-
0	0.685468	0.000000	0.000000	0.0	1	-
1	0.422635	1624.037398	48.002875	6.0	1	P41_06_notch
1	0.954474	1681.461469	35.240052	2.0	1	P41_01
1	0.698533	1688.166110	408.861872	3.0	1	P41_02
0	0.545445	0.000000	0.000000	0.0	1	-
1	0.441767	1624.037398	412.694272	6.0	1	P41_06_notch
1	0.414597	1624.037398	413.568128	6.0	1	P41_06_notch
0	0.497904	0.000000	0.000000	0.0	1	-
1	0.727893	1688.166110	362.149638	3.0	1	P41_02
0	0.935549	0.000000	0.000000	0.0	1	-
0	0.818945	0.000000	0.000000	0.0	1	-
0	0.918075	0.000000	0.000000	0.0	1	-
0	0.775752	0.000000	0.000000	0.0	1	-
1	0.460671	1681.461469	229.750256	2.0	1	P41_01
1	0.956679	1501.487343	38.996913	17.0	1	P41_05
1	0.645809	1688.166110	102.497917	3.0	1	P41_02
0	0.735150	0.000000	0.000000	0.0	1	-
0	0.687724	0.000000	0.000000	0.0	1	-
1	0.664723	1688.166110	378.910361	3.0	1	P41_02
0	0.770649	0.000000	0.000000	0.0	1	-
1	0.767442	1501.487343	82.038563	17.0	1	P41_05
1	0.752147	1681.461469	54.056643	2.0	1	P41_01
1	0.893986	1624.037398	255.017053	6.0	1	P41_06_notch
1	0.831045	1688.166110	52.861883	3.0	1	P41_02
1	0.510398	1624.037398	37.167544	6.0	1	P41_06_notch
1	0.590072	1624.037398	62.309718	6.0	1	P41_06_notch
1	0.729803	1688.166110	286.204788	3.0	1	P41_02
1	0.417925	1501.487343	33.518512	17.0	1	P41_05
1	0.953980	1515.968019	11.743216	26.0	1	P41_03
1	0.953872	1515.968019	376.288848	26.0	1	P41_03
1	0.799291	1515.968019	18.098731	26.0	1	P41_03
1	0.431189	1624.037398	44.645255	6.0	1	P41_06_notch
1	0.642102	1681.461469	418.498425	2.0	1	P41_01
1	0.532048	1688.166110	146.589694	3.0	1	P41_02
1	0.487933	1624.037398	42.598083	6.0	1	P41_06_notch
1	0.455615	1681.461469	390.991439	2.0	1	P41_01
1	0.869160	1681.461469	252.938697	2.0	1	P41_01
1	0.593051	1515.968019	228.220685	26.0	1	P41_03
1	0.435285	1624.037398	193.188001	6.0	1	P41_06_notch
