1	0.544485	1501.487343	244.809005	17.0	1	P41_05
0	0.993389	0.000000	0.000000	0.0	1	-
0	0.642194	0.000000	0.000000	0.0	1	-
1	0.842866	1515.968019	124.043029	26.0	1	P41_03
1	0.462613	1688.166110	170.823928	3.0	1	P41_02
1	0.783385	1681.461469	439.802897	2.0	1	P41_01
0	0.635795	0.000000	0.000000	0.0	1	-
0	0.443895	0.000000	0.000000	0.0	1	-
0	0.569929	0.000000	0.000000	0.0	1	-
1	0.676320	1681.461469	179.615620	2.0	1	P41_01
1	0.737036	1681.461469	398.659033	2.0	1	P41_01
0	0.461894	0.000000	0.000000	0.0	1	-
0	0.826926	0.000000	0.000000	0.0	1	-
0	0.583304	0.000000	0.000000	0.0	1	-
1	0.531101	1515.968019	160.061007	26.0	1	P41_03
1	0.798832	1624.037398	41.795992	6.0	1	P41_06_notch
0	0.656054	0.000000	0.000000	0.0	1	-
1	0.547950	1501.487343	351.859811	17.0	1	P41_05
0	0.784676	0.000000	0.000000	0.0	1	-
1	0.807450	1627.123555	162.553894	6.0	1	P41_04
0	0.557528	0.000000	0.000000	0.0	1	-
0	0.821807	0.000000	0.000000	0.0	1	-
0	0.795289	0.000000	0.000000	0.0	1	-
0	0.418128	0.000000	0.000000	0.0	1	-
0	0.498102	0.000000	0.000000	0.0	1	-
1	0.767639	1688.166110	354.181807	3.0	1	P41_02
0	0.506530	0.000000	0.000000	0.0	1	-
1	0.724039	1688.166110	211.981979	3.0	1	P41_02
1	0.480370	1501.487343	230.526143	17.0	1	P41_05
0	0.933731	0.000000	0.000000	0.0	1	-
1	0.720018	1688.166110	310.063651	3.0	1	P41_02
1	0.959896	1515.968019	173.122638	26.0	1	P41_03
1	0.823654	1627.123555	195.727913	6.0	1	P41_04
1	0.911389	1515.968019	154.839543	26.0	1	P41_03
1	0.983161	1627.123555	328.788119	6.0	1	P41_04
1	0.635273	1627.123555	342.272191	6.0	1	P41_04
0	0.999115	0.000000	0.000000	0.0	1	-
0	0.448565	0.000000	0.000000	0.0	1	-
0	0.459200	0.000000	0.000000	0.0	1	-
0	0.837754	0.000000	0.000000	0.0	1	-
1	0.844183	1681.461469	392.273501	2.0	1	P41_01
1	0.848674	1501.487343	22.900494	17.0	1	P41_05
0	0.784628	0.000000	0.000000	0.0	1	-
0	0.903476	0.000000	0.000000	0.0	1	-
0	0.477476	0.000000	0.000000	0.0	1	-
0	0.776241	0.000000	0.000000	0.0	1	-
1	0.430390	1501.487343	101.251700	17.0	1	P41_05
0	0.546790	0.000000	0.000000	0.0	1	-
0	0.788308	0.000000	0.000000	0.0	1	-
0	0.985990	0.000000	0.000000	0.0	1	-
0	0.694951	0.000000	0.000000	0.0	1	-
1	0.472117	1501.487343	137.912707	17.0	1	P41_05
1	0.665876	1627.123555	184.025850	6.0	1	P41_04
1	0.974807	1681.461469	218.247499	2.0	1	P41_01
1	0.636355	1501.487343	392.593978	17.0	1	P41_05
1	0.872076	1627.123555	52.031862	6.0	1	P41_04
0	0.612440	0.000000	0.000000	0.0	1	-
1	0.554626	1688.166110	9.191825	3.0	1	P41_02
0	0.782916	0.000000	0.000000	0.0	1	-
0	0.462509	0.000000	0.000000	0.0	1	-
0	0.576239	0.000000	0.000000	0.0	1	-
1	0.518493	1681.461469	368.425142	2.0	1	P41_01
0	0.456705	0.000000	0.000000	0.0	1	-
0	0.998495	0.000000	0.000000	0.0	1	-
0	0.538506	0.000000	0.000000	0.0	1	-
1	0.874257	1688.166110	20.094989	3.0	1	P41_02
1	0.660002	1624.037398	177.213224	6.0	1	P41_06_notch
0	0.767745	0.000000	0.000000	0.0	1	-
0	0.487994	0.000000	0.000000	0.0	1	-
1	0.634592	1681.461469	215.107303	2.0	1	P41_01
0	0.659431	0.000000	0.000000	0.0	1	-
1	0.585033	1688.166110	282.179984	3.0	1	P41_02
0	0.997572	0.000000	0.000000	0.0	1	-
0	0.917500	0.000000	0.000000	0.0	1	-
1	0.637372	1627.123555	202.997491	6.0	1	P41_04
1	0.869721	1515.968019	32.488451	26.0	1	P41_03
1	0.547871	1515.968019	180.149930	26.0	1	P41_03
1	0.845647	1688.166110	353.079608	3.0	1	P41_02
0	0.825345	0.000000	0.000000	0.0	1	-
1	0.598210	1501.487343	297.489179	17.0	1	P41_05
0	0.995920	0.000000	0.000000	0.0	1	-
0	0.674355	0.000000	0.000000	0.0	1	-
0	0.927096	0.000000	0.000000	0.0	1	-
0	0.464068	0.000000	0.000000	0.0	1	-
0	0.696915	0.000000	0.000000	0.0	1	-
0	0.801524	0.000000	0.000000	0.0	1	-
1	0.802395	1501.487343	316.531916	17.0	1	P41_05
0	0.543140	0.000000	0.000000	0.0	1	-
1	0.837374	1627.123555	333.093307	6.0	1	P41_04
0	0.865224	0.000000	0.000000	0.0	1	-
0	0.622064	0.000000	0.000000	0.0	1	-
0	0.400540	0.000000	0.000000	0.0	1	-
0	0.850538	0.000000	0.000000	0.0	1	-
1	0.936729	1515.968019	412.936949	26.0	1	P41_03
0	0.615204	0.000000	0.000000	0.0	1	-
0	0.529970	0.000000	0.000000	0.0	1	-
1	0.966819	1624.037398	244.462771	6.0	1	P41_06_notch
1	0.799775	1624.037398	295.127955	6.0	1	P41_06_notch
0	0.625364	0.000000	0.000000	0.0	1	-
1	0.501748	1501.487343	270.727086	17.0	1	P41_05
0	0.521594	0.000000	0.000000	0.0	1	-
0	0.412718	0.000000	0.000000	0.0	1	-
1	0.419035	1688.166110	21.996871	3.0	1	P41_02
0	0.750123	0.000000	0.000000	0.0	1	-
1	0.507505	1515.968019	209.742586	26.0	1	P41_03
0	0.649861	0.000000	0.000000	0.0	1	-
1	0.574082	1688.166110	333.232138	3.0	1	P41_02
1	0.747182	1688.166110	40.495697	3.0	1	P41_02
0	0.419595	0.000000	0.000000	0.0	1	-
1	0.614655	1627.123555	263.609991	6.0	1	P41_04
0	0.503143	0.000000	0.000000	0.0	1	-
1	0.979119	1688.166110	258.704669	3.0	1	P41_02
1	0.809074	1681.461469	252.772809	2.0	1	P41_01
0	0.992598	0.000000	0.000000	0.0	1	-
1	0.840724	1627.123555	319.127513	6.0	1	P41_04
0	0.447554	0.000000	0.000000	0.0	1	-
1	0.472298	1688.166110	75.054126	3.0	1	P41_02
1	0.733613	1624.037398	226.121321	6.0	1	P41_06_notch
1	0.468264	1624.037398	224.621056	6.0	1	P41_06_notch
0	0.615692	0.000000	0.000000	0.0	1	-
1	0.976094	1624.037398	108.318882	6.0	1	P41_06_notch
1	0.541532	1688.166110	20.089680	3.0	1	P41_02
0	0.978700	0.000000	0.000000	0.0	1	-
0	0.660748	0.000000	0.000000	0.0	1	-
1	0.465669	1501.487343	407.585193	17.0	1	P41_05
1	0.724123	1624.037398	258.912435	6.0	1	P41_06_notch
1	0.967815	1515.968019	267.858710	26.0	1	P41_03
1	0.866473	1688.166110	275.422270	3.0	1	P41_02
0	0.414595	0.000000	0.000000	0.0	1	-
0	0.871879	0.000000	0.000000	0.0	1	-
0	0.533899	0.000000	0.000000	0.0	1	-
1	0.936345	1501.487343	246.986628	17.0	1	P41_05
0	0.914183	0.000000	0.000000	0.0	1	-
1	0.995152	1624.037398	222.881390	6.0	1	P41_06_notch
1	0.556681	1627.123555	81.589317	6.0	1	P41_04
0	0.764724	0.000000	0.000000	0.0	1	-
1	0.458144	1501.487343	57.479418	17.0	1	P41_05
0	0.684890	0.000000	0.000000	0.0	1	-
1	0.720765	1501.487343	158.829644	17.0	1	P41_05
1	0.901424	1624.037398	60.848098	6.0	1	P41_06_notch
0	0.702786	0.000000	0.000000	0.0	1	-
0	0.825111	0.000000	0.000000	0.0	1	-
0	0.715506	0.000000	0.000000	0.0	1	-
1	0.521759	1688.166110	371.043540	3.0	1	P41_02
0	0.598136	0.000000	0.000000	0.0	1	-
1	0.511424	1501.487343	269.978752	17.0	1	P41_05
1	0.707885	1681.461469	354.831211	2.0	1	P41_01
0	0.899691	0.000000	0.000000	0.0	1	-
1	0.876958	1501.487343	215.077758	17.0	1	P41_05
0	0.450674	0.000000	0.000000	0.0	1	-
0	0.856470	0.000000	0.000000	0.0	1	-
0	0.905492	0.000000	0.000000	0.0	1	-
1	0.425338	1501.487343	89.748071	17.0	1	P41_05
0	0.736914	0.000000	0.000000	0.0	1	-
0	0.736764	0.000000	0.000000	0.0	1	-
0	0.552569	0.000000	0.000000	0.0	1	-
0	0.561566	0.000000	0.000000	0.0	1	-
0	0.498236	0.000000	0.000000	0.0	1	-
0	0.807121	0.000000	0.000000	0.0	1	-
0	0.816216	0.000000	0.000000	0.0	1	-
1	0.813213	1624.037398	382.079904	6.0	1	P41_06_notch
0	0.853331	0.000000	0.000000	0.0	1	-
0	0.851034	0.000000	0.000000	0.0	1	-
1	0.979825	1688.166110	18.478980	3.0	1	P41_02
0	0.621040	0.000000	0.000000	0.0	1	-
0	0.811901	0.000000	0.000000	0.0	1	-
0	0.826695	0.000000	0.000000	0.0	1	-
0	0.524996	0.000000	0.000000	0.0	1	-
0	0.949604	0.000000	0.000000	0.0	1	-
0	0.775471	0.000000	0.000000	0.0	1	-
0	0.544588	0.000000	0.000000	0.0	1	-
0	0.411016	0.000000	0.000000	0.0	1	-
1	0.970607	1627.123555	319.243450	6.0	1	P41_04
0	0.623315	0.000000	0.000000	0.0	1	-
0	0.702731	0.000000	0.000000	0.0	1	-
0	0.431616	0.000000	0.000000	0.0	1	-
0	0.876858	0.000000	0.000000	0.0	1	-
0	0.460720	0.000000	0.000000	0.0	1	-
0	0.823978	0.000000	0.000000	0.0	1	-
1	0.474541	1624.037398	430.481782	6.0	1	P41_06_notch
1	0.801520	1688.166110	429.014267	3.0	1	P41_02
1	0.659220	1688.166110	26.534354	3.0	1	P41_02
1	0.870856	1688.166110	196.825733	3.0	1	P41_02
0	0.400952	0.000000	0.000000	0.0	1	-
0	0.491696	0.000000	0.000000	0.0	1	-
0	0.838780	0.000000	0.000000	0.0	1	-
1	0.769145	1688.166110	7.180296	3.0	1	P41_02
0	0.770924	0.000000	0.000000	0.0	1	-
1	0.555761	1627.123555	408.710256	6.0	1	P41_04
0	0.647371	0.000000	0.000000	0.0	1	-
0	0.510121	0.000000	0.000000	0.0	1	-
1	0.897785	1688.166110	371.102372	3.0	1	P41_02
0	0.822235	0.000000	0.000000	0.0	1	-
1	0.636936	1688.166110	214.207887	3.0	1	P41_02
1	0.429801	1627.123555	292.245378	6.0	1	P41_04
0	0.821071	0.000000	0.000000	0.0	1	-
0	0.805976	0.000000	0.000000	0.0	1	-
0	0.892805	0.000000	0.000000	0.0	1	-
1	0.421830	1627.123555	73.530454	6.0	1	P41_04
1	0.881066	1515.968019	224.232979	26.0	1	P41_03
0	0.599926	0.000000	0.000000	0.0	1	-
1	0.850996	1688.166110	230.989581	3.0	1	P41_02
0	0.529717	0.000000	0.000000	0.0	1	-
0	0.939190	0.000000	0.000000	0.0	1	-
0	0.927728	0.000000	0.000000	0.0	1	-
1	0.489333	1681.461469	16.195351	2.0	1	P41_01
0	0.436992	0.000000	0.000000	0.0	1	-
1	0.701579	1627.123555	253.940830	6.0	1	P41_04
0	0.780729	0.000000	0.000000	0.0	1	-
0	0.863762	0.000000	0.000000	0.0	1	-
0	0.549605	0.000000	0.000000	0.0	1	-
0	0.408770	0.000000	0.000000	0.0	1	-
0	0.820346	0.000000	0.000000	0.0	1	-
1	0.453299	1688.166110	413.438036	3.0	1	P41_02
0	0.448394	0.000000	0.000000	0.0	1	-
0	0.525016	0.000000	0.000000	0.0	1	-
0	0.719846	0.000000	0.000000	0.0	1	-
1	0.681128	1688.166110	114.084707	3.0	1	P41_02
0	0.434225	0.000000	0.000000	0.0	1	-
0	0.641945	0.000000	0.000000	0.0	1	-
1	0.737447	1681.461469	441.377710	2.0	1	P41_01
1	0.652059	1627.123555	125.519779	6.0	1	P41_04
0	0.579995	0.000000	0.000000	0.0	1	-
0	0.565437	0.000000	0.000000	0.0	1	-
1	0.948879	1681.461469	229.043639	2.0	1	P41_01
1	0.528813	1627.123555	353.171547	6.0	1	P41_04
0	0.613421	0.000000	0.000000	0.0	1	-
1	0.552821	1624.037398	38.793268	6.0	1	P41_06_notch
1	0.725231	1627.123555	66.401745	6.0	1	P41_04
0	0.532822	0.000000	0.000000	0.0	1	-
1	0.637623	1515.968019	44.521900	26.0	1	P41_03
0	0.878245	0.000000	0.000000	0.0	1	-
1	0.553430	1515.968019	312.162364	26.0	1	P41_03
1	0.915771	1627.123555	129.036534	6.0	1	P41_04
1	0.545693	1681.461469	81.868013	2.0	1	P41_01
1	0.532692	1681.461469	391.627715	2.0	1	P41_01
0	0.845959	0.000000	0.000000	0.0	1	-
1	0.496622	1627.123555	150.608023	6.0	1	P41_04
0	0.958300	0.000000	0.000000	0.0	1	-
1	0.421096	1501.487343	328.318195	17.0	1	P41_05
0	0.702696	0.000000	0.000000	0.0	1	-
1	0.663380	1681.461469	151.004830	2.0	1	P41_01
0	0.982033	0.000000	0.000000	0.0	1	-
1	0.586875	1627.123555	105.518379	6.0	1	P41_04
1	0.456905	1501.487343	210.447459	17.0	1	P41_05
1	0.842524	1624.037398	122.548504	6.0	1	P41_06_notch
0	0.547958	0.000000	0.000000	0.0	1	-
0	0.967624	0.000000	0.000000	0.0	1	-
1	0.703578	1624.037398	321.146694	6.0	1	P41_06_notch
1	0.427706	1688.166110	161.113792	3.0	1	P41_02
1	0.520039	1688.166110	98.873575	3.0	1	P41_02
0	0.509601	0.000000	0.000000	0.0	1	-
0	0.768089	0.000000	0.000000	0.0	1	-
0	0.501941	0.000000	0.000000	0.0	1	-
0	0.975846	0.000000	0.000000	0.0	1	-
1	0.478859	1681.461469	190.987950	2.0	1	P41_01
0	0.572687	0.000000	0.000000	0.0	1	-
1	0.719521	1681.461469	23.805890	2.0	1	P41_01
1	0.966032	1688.166110	396.874775	3.0	1	P41_02
1	0.784855	1624.037398	376.397954	6.0	1	P41_06_notch
0	0.769515	0.000000	0.000000	0.0	1	-
0	0.652265	0.000000	0.000000	0.0	1	-
0	0.489634	0.000000	0.000000	0.0	1	-
0	0.775935	0.000000	0.000000	0.0	1	-
0	0.592229	0.000000	0.000000	0.0	1	-
0	0.698159	0.000000	0.000000	0.0	1	-
1	0.621560	1515.968019	32.513776	26.0	1	P41_03
0	0.722893	0.000000	0.000000	0.0	1	-
1	0.899422	1681.461469	399.297957	2.0	1	P41_01
1	0.505086	1627.123555	181.139816	6.0	1	P41_04
1	0.577762	1624.037398	95.342942	6.0	1	P41_06_notch
1	0.711014	1515.968019	204.998515	26.0	1	P41_03
0	0.465829	0.000000	0.000000	0.0	1	-
1	0.584614	1624.037398	176.217674	6.0	1	P41_06_notch
0	0.533168	0.000000	0.000000	0.0	1	-
1	0.835447	1624.037398	191.330693	6.0	1	P41_06_notch
0	0.930758	0.000000	0.000000	0.0	1	-
0	0.550660	0.000000	0.000000	0.0	1	-
0	0.496446	0.000000	0.000000	0.0	1	-
0	0.454479	0.000000	0.000000	0.0	1	-
0	0.933918	0.000000	0.000000	0.0	1	-
0	0.537080	0.000000	0.000000	0.0	1	-
1	0.550951	1681.461469	280.956670	2.0	1	P41_01
0	0.790106	0.000000	0.000000	0.0	1	-
0	0.782253	0.000000	0.000000	0.0	1	-
1	0.905154	1681.461469	336.917673	2.0	1	P41_01
1	0.676746	1688.166110	341.035836	3.0	1	P41_02
0	0.795747	0.000000	0.000000	0.0	1	-
1	0.937221	1688.166110	276.988987	3.0	1	P41_02
0	0.866023	0.000000	0.000000	0.0	1	-
1	0.410864	1515.968019	147.693239	26.0	1	P41_03
0	0.531156	0.000000	0.000000	0.0	1	-
0	0.746622	0.000000	0.000000	0.0	1	-
1	0.488933	1501.487343	123.664898	17.0	1	P41_05
0	0.776607	0.000000	0.000000	0.0	1	-
1	0.667866	1681.461469	388.425683	2.0	1	P41_01
0	0.846604	0.000000	0.000000	0.0	1	-
0	0.998988	0.000000	0.000000	0.0	1	-
0	0.787784	0.000000	0.000000	0.0	1	-
1	0.452669	1681.461469	348.069358	2.0	1	P41_01
1	0.727287	1501.487343	73.621310	17.0	1	P41_05
0	0.886663	0.000000	0.000000	0.0	1	-
0	0.896135	0.000000	0.000000	0.0	1	-
0	0.969809	0.000000	0.000000	0.0	1	-
0	0.599417	0.000000	0.000000	0.0	1	-
0	0.464697	0.000000	0.000000	0.0	1	-
1	0.874119	1515.968019	118.583685	26.0	1	P41_03
0	0.441653	0.000000	0.000000	0.0	1	-
1	0.685988	1624.037398	85.008069	6.0	1	P41_06_notch
0	0.752363	0.000000	0.000000	0.0	1	-
1	0.521701	1627.123555	141.884379	6.0	1	P41_04
1	0.921615	1501.487343	125.426610	17.0	1	P41_05
0	0.935678	0.000000	0.000000	0.0	1	-
0	0.843525	0.000000	0.000000	0.0	1	-
1	0.541496	1681.461469	258.281051	2.0	1	P41_01
1	0.879415	1627.123555	109.990310	6.0	1	P41_04
1	0.572755	1688.166110	375.464940	3.0	1	P41_02
1	0.837034	1627.123555	81.989549	6.0	1	P41_04
0	0.521836	0.000000	0.000000	0.0	1	-
1	0.506656	1681.461469	273.321180	2.0	1	P41_01
1	0.941408	1627.123555	215.022743	6.0	1	P41_04
0	0.893715	0.000000	0.000000	0.0	1	-
1	0.777553	1501.487343	302.671170	17.0	1	P41_05
1	0.947216	1515.968019	225.114630	26.0	1	P41_03
0	0.416097	0.000000	0.000000	0.0	1	-
0	0.793630	0.000000	0.000000	0.0	1	-
0	0.517680	0.000000	0.000000	0.0	1	-
1	0.813772	1681.461469	307.355784	2.0	1	P41_01
0	0.688108	0.000000	0.000000	0.0	1	-
1	0.567443	1624.037398	180.534046	6.0	1	P41_06_notch
0	0.741669	0.000000	0.000000	0.0	1	-
1	0.759262	1688.166110	2.140397	3.0	1	P41_02
0	0.992630	0.000000	0.000000	0.0	1	-
1	0.588125	1627.123555	255.776939	6.0	1	P41_04
1	0.777857	1501.487343	252.910960	17.0	1	P41_05
0	0.681492	0.000000	0.000000	0.0	1	-
0	0.668746	0.000000	0.000000	0.0	1	-
1	0.988162	1627.123555	254.331995	6.0	1	P41_04
0	0.413121	0.000000	0.000000	0.0	1	-
0	0.833651	0.000000	0.000000	0.0	1	-
1	0.932090	1624.037398	344.906738	6.0	1	P41_06_notch
0	0.979103	0.000000	0.000000	0.0	1	-
0	0.708028	0.000000	0.000000	0.0	1	-
1	0.961930	1624.037398	286.417120	6.0	1	P41_06_notch
0	0.451641	0.000000	0.000000	0.0	1	-
1	0.930147	1688.166110	179.103672	3.0	1	P41_02
1	0.906434	1501.487343	402.639991	17.0	1	P41_05
0	0.732973	0.000000	0.000000	0.0	1	-
1	0.899091	1515.968019	338.382177	26.0	1	P41_03
1	0.742931	1624.037398	271.533902	6.0	1	P41_06_notch
1	0.528265	1688.166110	110.593365	3.0	1	P41_02
0	0.585879	0.000000	0.000000	0.0	1	-
0	0.882414	0.000000	0.000000	0.0	1	-
1	0.609039	1681.461469	345.836391	2.0	1	P41_01
1	0.522990	1501.487343	211.375008	17.0	1	P41_05
0	0.885526	0.000000	0.000000	0.0	1	-
1	0.819641	1688.166110	137.866510	3.0	1	P41_02
0	0.462699	0.000000	0.000000	0.0	1	-
1	0.589016	1515.968019	377.404553	26.0	1	P41_03
1	0.983911	1515.968019	57.866918	26.0	1	P41_03
0	0.833937	0.000000	0.000000	0.0	1	-
1	0.735941	1624.037398	345.323111	6.0	1	P41_06_notch
1	0.980891	1515.968019	223.679924	26.0	1	P41_03
1	0.477107	1627.123555	94.015877	6.0	1	P41_04
1	0.413451	1501.487343	415.204348	17.0	1	P41_05
0	0.806306	0.000000	0.000000	0.0	1	-
0	0.888209	0.000000	0.000000	0.0	1	-
1	0.958955	1624.037398	353.781529	6.0	1	P41_06_notch
0	0.536313	0.000000	0.000000	0.0	1	-
1	0.862637	1681.461469	85.425657	2.0	1	P41_01
0	0.503103	0.000000	0.000000	0.0	1	-
1	0.910856	1501.487343	228.990199	17.0	1	P41_05
0	0.767430	0.000000	0.000000	0.0	1	-
1	0.817294	1501.487343	106.330102	17.0	1	P41_05
0	0.410676	0.000000	0.000000	0.0	1	-
0	0.420932	0.000000	0.000000	0.0	1	-
0	0.820601	0.000000	0.000000	0.0	1	-
0	0.864366	0.000000	0.000000	0.0	1	-
1	0.651456	1627.123555	50.534720	6.0	1	P41_04
1	0.721340	1681.461469	261.330712	2.0	1	P41_01
1	0.563249	1624.037398	27.444480	6.0	1	P41_06_notch
0	0.751349	0.000000	0.000000	0.0	1	-
1	0.825292	1688.166110	160.188269	3.0	1	P41_02
0	0.523373	0.000000	0.000000	0.0	1	-
0	0.534302	0.000000	0.000000	0.0	1	-
0	0.400102	0.000000	0.000000	0.0	1	-
0	0.821440	0.000000	0.000000	0.0	1	-
0	0.957799	0.000000	0.000000	0.0	1	-
0	0.821656	0.000000	0.000000	0.0	1	-
0	0.990062	0.000000	0.000000	0.0	1	-
0	0.485661	0.000000	0.000000	0.0	1	-
0	0.649059	0.000000	0.000000	0.0	1	-
0	0.512543	0.000000	0.000000	0.0	1	-
0	0.647484	0.000000	0.000000	0.0	1	-
0	0.504427	0.000000	0.000000	0.0	1	-
0	0.885235	0.000000	0.000000	0.0	1	-
1	0.692702	1627.123555	329.005079	6.0	1	P41_04
0	0.415137	0.000000	0.000000	0.0	1	-
0	0.867710	0.000000	0.000000	0.0	1	-
0	0.967830	0.000000	0.000000	0.0	1	-
0	0.845386	0.000000	0.000000	0.0	1	-
0	0.898836	0.000000	0.000000	0.0	1	-
0	0.644426	0.000000	0.000000	0.0	1	-
0	0.836054	0.000000	0.000000	0.0	1	-
0	0.829071	0.000000	0.000000	0.0	1	-
0	0.644138	0.000000	0.000000	0.0	1	-
1	0.431967	1515.968019	418.038965	26.0	1	P41_03
1	0.687335	1627.123555	163.931444	6.0	1	P41_04
0	0.506678	0.000000	0.000000	0.0	1	-
0	0.804121	0.000000	0.000000	0.0	1	-
1	0.553686	1624.037398	29.019159	6.0	1	P41_06_notch
1	0.995897	1688.166110	79.519653	3.0	1	P41_02
0	0.576246	0.000000	0.000000	0.0	1	-
1	0.494322	1515.968019	254.715395	26.0	1	P41_03
0	0.596435	0.000000	0.000000	0.0	1	-
1	0.787383	1624.037398	126.291353	6.0	1	P41_06_notch
0	0.428930	0.000000	0.000000	0.0	1	-
1	0.475543	1688.166110	386.221823	3.0	1	P41_02
1	0.686493	1627.123555	341.389429	6.0	1	P41_04
0	0.559926	0.000000	0.000000	0.0	1	-
1	0.656259	1627.123555	2.422768	6.0	1	P41_04
1	0.657102	1688.166110	341.172546	3.0	1	P41_02
1	0.854768	1515.968019	347.700393	26.0	1	P41_03
0	0.480609	0.000000	0.000000	0.0	1	-
1	0.763421	1501.487343	403.521089	17.0	1	P41_05
0	0.505382	0.000000	0.000000	0.0	1	-
0	0.815848	0.000000	0.000000	0.0	1	-
0	0.806077	0.000000	0.000000	0.0	1	-
0	0.416475	0.000000	0.000000	0.0	1	-
1	0.643120	1501.487343	133.751909	17.0	1	P41_05
0	0.557301	0.000000	0.000000	0.0	1	-
1	0.429614	1681.461469	390.399668	2.0	1	P41_01
1	0.656406	1627.123555	175.344359	6.0	1	P41_04
0	0.605139	0.000000	0.000000	0.0	1	-
1	0.539761	1501.487343	313.093938	17.0	1	P41_05
0	0.518863	0.000000	0.000000	0.0	1	-
1	0.892974	1501.487343	325.005821	17.0	1	P41_05
1	0.692227	1627.123555	281.631386	6.0	1	P41_04
0	0.480600	0.000000	0.000000	0.0	1	-
0	0.506839	0.000000	0.000000	0.0	1	-
0	0.711604	0.000000	0.000000	0.0	1	-
0	0.633923	0.000000	0.000000	0.0	1	-
0	0.621788	0.000000	0.000000	0.0	1	-
0	0.722017	0.000000	0.000000	0.0	1	-
1	0.961132	1681.461469	271.786074	2.0	1	P41_01
1	0.483733	1681.461469	391.652432	2.0	1	P41_01
1	0.853741	1688.166110	161.539242	3.0	1	P41_02
1	0.743610	1627.123555	70.275577	6.0	1	P41_04
1	0.972849	1681.461469	37.647847	2.0	1	P41_01
0	0.998186	0.000000	0.000000	0.0	1	-
0	0.685949	0.000000	0.000000	0.0	1	-
1	0.750720	1681.461469	29.180627	2.0	1	P41_01
0	0.645713	0.000000	0.000000	0.0	1	-
1	0.682464	1688.166110	280.705195	3.0	1	P41_02
0	0.430217	0.000000	0.000000	0.0	1	-
0	0.821136	0.000000	0.000000	0.0	1	-
1	0.765235	1681.461469	42.570579	2.0	1	P41_01
1	0.467033	1515.968019	344.707558	26.0	1	P41_03
0	0.850000	0.000000	0.000000	0.0	1	-
1	0.520620	1515.968019	401.732321	26.0	1	P41_03
0	0.915188	0.000000	0.000000	0.0	1	-
1	0.776464	1501.487343	81.715841	17.0	1	P41_05
0	0.499926	0.000000	0.000000	0.0	1	-
1	0.572789	1624.037398	157.873013	6.0	1	P41_06_notch
1	0.666017	1624.037398	191.461818	6.0	1	P41_06_notch
0	0.823814	0.000000	0.000000	0.0	1	-
0	0.726955	0.000000	0.000000	0.0	1	-
0	0.770183	0.000000	0.000000	0.0	1	-
0	0.578879	0.000000	0.000000	0.0	1	-
1	0.592438	1681.461469	331.675601	2.0	1	P41_01
1	0.541660	1681.461469	334.181164	2.0	1	P41_01
1	0.435337	1627.123555	103.350436	6.0	1	P41_04
0	0.846048	0.000000	0.000000	0.0	1	-
0	0.631356	0.000000	0.000000	0.0	1	-
1	0.430420	1688.166110	351.520616	3.0	1	P41_02
0	0.614446	0.000000	0.000000	0.0	1	-
1	0.630813	1627.123555	202.272344	6.0	1	P41_04
0	0.857893	0.000000	0.000000	0.0	1	-
1	0.881414	1627.123555	246.266990	6.0	1	P41_04
1	0.759444	1515.968019	311.252646	26.0	1	P41_03
1	0.743108	1515.968019	34.623227	26.0	1	P41_03
1	0.594190	1624.037398	328.830139	6.0	1	P41_06_notch
0	0.847934	0.000000	0.000000	0.0	1	-
1	0.425131	1688.166110	157.242577	3.0	1	P41_02
1	0.471359	1681.461469	432.823501	2.0	1	P41_01
0	0.406106	0.000000	0.000000	0.0	1	-
1	0.970341	1681.461469	140.621876	2.0	1	P41_01
0	0.425439	0.000000	0.000000	0.0	1	-
1	0.636737	1624.037398	138.131571	6.0	1	P41_06_notch
0	0.452413	0.000000	0.000000	0.0	1	-
0	0.956281	0.000000	0.000000	0.0	1	-
1	0.690771	1627.123555	143.997841	6.0	1	P41_04
1	0.518656	1681.461469	1.832272	2.0	1	P41_01
1	0.771224	1501.487343	90.844815	17.0	1	P41_05
1	0.853638	1624.037398	274.576526	6.0	1	P41_06_notch
1	0.692151	1515.968019	306.456585	26.0	1	P41_03
1	0.717789	1515.968019	248.240127	26.0	1	P41_03
1	0.503699	1624.037398	65.426076	6.0	1	P41_06_notch
0	0.772861	0.000000	0.000000	0.0	1	-
1	0.852290	1681.461469	217.919407	2.0	1	P41_01
1	0.764861	1515.968019	241.824788	26.0	1	P41_03
1	0.570561	1515.968019	13.179053	26.0	1	P41_03
1	0.431417	1515.968019	282.715615	26.0	1	P41_03
1	0.579492	1515.968019	288.243394	26.0	1	P41_03
0	0.675594	0.000000	0.000000	0.0	1	-
1	0.500241	1624.037398	341.062380	6.0	1	P41_06_notch
1	0.488518	1501.487343	47.418858	17.0	1	P41_05
1	0.788839	1627.123555	172.167211	6.0	1	P41_04
0	0.523115	0.000000	0.000000	0.0	1	-
0	0.735217	0.000000	0.000000	0.0	1	-
1	0.845945	1624.037398	269.650674	6.0	1	P41_06_notch
0	0.544589	0.000000	0.000000	0.0	1	-
0	0.430240	0.000000	0.000000	0.0	1	-
0	0.769555	0.000000	0.000000	0.0	1	-
1	0.803712	1624.037398	49.942949	6.0	1	P41_06_notch
0	0.406314	0.000000	0.000000	0.0	1	-
0	0.990035	0.000000	0.000000	0.0	1	-
0	0.870458	0.000000	0.000000	0.0	1	-
1	0.769082	1688.166110	239.263951	3.0	1	P41_02
1	0.769477	1688.166110	21.149368	3.0	1	P41_02
0	0.518079	0.000000	0.000000	0.0	1	-
0	0.403490	0.000000	0.000000	0.0	1	-
0	0.815483	0.000000	0.000000	0.0	1	-
1	0.849507	1515.968019	117.556212	26.0	1	P41_03
0	0.980740	0.000000	0.000000	0.0	1	-
0	0.946414	0.000000	0.000000	0.0	1	-
1	0.990243	1501.487343	393.704976	17.0	1	P41_05
0	0.818822	0.000000	0.000000	0.0	1	-
1	0.761681	1627.123555	353.788233	6.0	1	P41_04
0	0.898823	0.000000	0.000000	0.0	1	-
1	0.853242	1515.968019	198.551413	26.0	1	P41_03
1	0.949218	1681.461469	50.484551	2.0	1	P41_01
1	0.752587	1681.461469	197.615521	2.0	1	P41_01
0	0.402351	0.000000	0.000000	0.0	1	-
0	0.495064	0.000000	0.000000	0.0	1	-
1	0.540714	1681.461469	401.046570	2.0	1	P41_01
0	0.998686	0.000000	0.000000	0.0	1	-
1	0.713674	1627.123555	263.696862	6.0	1	P41_04
0	0.916504	0.000000	0.000000	0.0	1	-
0	0.569856	0.000000	0.000000	0.0	1	-
0	0.973100	0.000000	0.000000	0.0	1	-
0	0.460789	0.000000	0.000000	0.0	1	-
0	0.491704	0.000000	0.000000	0.0	1	-
1	0.612378	1515.968019	126.244487	26.0	1	P41_03
0	0.833300	0.000000	0.000000	0.0	1	-
0	0.593428	0.000000	0.000000	0.0	1	-
0	0.713827	0.000000	0.000000	0.0	1	-
0	0.538303	0.000000	0.000000	0.0	1	-
1	0.744346	1681.461469	187.045515	2.0	1	P41_01
1	0.852653	1627.123555	355.625708	6.0	1	P41_04
0	0.467920	0.000000	0.000000	0.0	1	-
1	0.785518	1688.166110	393.472227	3.0	1	P41_02
0	0.782168	0.000000	0.000000	0.0	1	-
1	0.630418	1681.461469	1.737260	2.0	1	P41_01
0	0.418060	0.000000	0.000000	0.0	1	-
0	0.861974	0.000000	0.000000	0.0	1	-
1	0.912710	1624.037398	156.266228	6.0	1	P41_06_notch
0	0.437165	0.000000	0.000000	0.0	1	-
0	0.511455	0.000000	0.000000	0.0	1	-
0	0.499215	0.000000	0.000000	0.0	1	-
1	0.604125	1688.166110	40.998442	3.0	1	P41_02
1	0.806746	1501.487343	36.258751	17.0	1	P41_05
0	0.930117	0.000000	0.000000	0.0	1	-
0	0.470235	0.000000	0.000000	0.0	1	-
0	0.981049	0.000000	0.000000	0.0	1	-
0	0.934956	0.000000	0.000000	0.0	1	-
0	0.828507	0.000000	0.000000	0.0	1	-
1	0.825268	1627.123555	429.634542	6.0	1	P41_04
1	0.720293	1624.037398	123.557787	6.0	1	P41_06_notch
1	0.480660	1624.037398	147.321905	6.0	1	P41_06_notch
1	0.460134	1688.166110	114.563049	3.0	1	P41_02
1	0.956084	1624.037398	41.833442	6.0	1	P41_06_notch
0	0.484394	0.000000	0.000000	0.0	1	-
0	0.865678	0.000000	0.000000	0.0	1	-
1	0.435708	1515.968019	126.316330	26.0	1	P41_03
1	0.540053	1688.166110	339.793361	3.0	1	P41_02
1	0.655604	1688.166110	180.149541	3.0	1	P41_02
1	0.474831	1624.037398	411.076365	6.0	1	P41_06_notch
1	0.553709	1624.037398	209.624052	6.0	1	P41_06_notch
0	0.439977	0.000000	0.000000	0.0	1	-
1	0.727707	1688.166110	122.430110	3.0	1	P41_02
0	0.851197	0.000000	0.000000	0.0	1	-
1	0.490646	1624.037398	29.152765	6.0	1	P41_06_notch
1	0.782155	1688.166110	91.098182	3.0	1	P41_02
1	0.482805	1627.123555	79.207093	6.0	1	P41_04
0	0.507251	0.000000	0.000000	0.0	1	-
1	0.895174	1681.461469	278.393271	2.0	1	P41_01
1	0.818518	1688.166110	220.880855	3.0	1	P41_02
1	0.471290	1688.166110	135.327824	3.0	1	P41_02
1	0.796565	1681.461469	68.873431	2.0	1	P41_01
1	0.473577	1681.461469	212.865552	2.0	1	P41_01
1	0.808534	1624.037398	162.955089	6.0	1	P41_06_notch
0	0.679087	0.000000	0.000000	0.0	1	-
0	0.537502	0.000000	0.000000	0.0	1	-
0	0.722181	0.000000	0.000000	0.0	1	-
1	0.530322	1681.461469	103.217642	2.0	1	P41_01
0	0.439101	0.000000	0.000000	0.0	1	-
1	0.618211	1501.487343	227.035649	17.0	1	P41_05
1	0.889556	1501.487343	55.613622	17.0	1	P41_05
0	0.819715	0.000000	0.000000	0.0	1	-
0	0.634470	0.000000	0.000000	0.0	1	-
1	0.668231	1515.968019	325.394565	26.0	1	P41_03
1	0.817641	1627.123555	348.868389	6.0	1	P41_04
1	0.963419	1681.461469	275.162435	2.0	1	P41_01
0	0.853817	0.000000	0.000000	0.0	1	-
0	0.758216	0.000000	0.000000	0.0	1	-
0	0.572709	0.000000	0.000000	0.0	1	-
1	0.551288	1501.487343	210.289626	17.0	1	P41_05
0	0.649514	0.000000	0.000000	0.0	1	-
1	0.925270	1624.037398	240.852376	6.0	1	P41_06_notch
1	0.812717	1515.968019	56.125385	26.0	1	P41_03
0	0.981420	0.000000	0.000000	0.0	1	-
1	0.771488	1515.968019	322.542094	26.0	1	P41_03
1	0.400645	1624.037398	441.309147	6.0	1	P41_06_notch
1	0.579167	1515.968019	211.657560	26.0	1	P41_03
1	0.696188	1515.968019	221.014001	26.0	1	P41_03
1	0.732801	1501.487343	289.614202	17.0	1	P41_05
0	0.926366	0.000000	0.000000	0.0	1	-
0	0.526973	0.000000	0.000000	0.0	1	-
0	0.624042	0.000000	0.000000	0.0	1	-
0	0.695354	0.000000	0.000000	0.0	1	-
1	0.434367	1681.461469	170.597759	2.0	1	P41_01
1	0.632356	1624.037398	309.968986	6.0	1	P41_06_notch
1	0.498862	1624.037398	94.320714	6.0	1	P41_06_notch
0	0.940297	0.000000	0.000000	0.0	1	-
1	0.416493	1501.487343	388.136406	17.0	1	P41_05
0	0.441089	0.000000	0.000000	0.0	1	-
1	0.786818	1627.123555	83.856992	6.0	1	P41_04
1	0.942244	1501.487343	233.406697	17.0	1	P41_05
1	0.574777	1624.037398	357.796513	6.0	1	P41_06_notch
1	0.420683	1515.968019	248.604778	26.0	1	P41_03
0	0.747672	0.000000	0.000000	0.0	1	-
1	0.708818	1688.166110	215.756719	3.0	1	P41_02
1	0.616134	1501.487343	76.845888	17.0	1	P41_05
1	0.501788	1688.166110	248.572896	3.0	1	P41_02
1	0.732773	1627.123555	17.182263	6.0	1	P41_04
1	0.814774	1501.487343	40.728488	17.0	1	P41_05
0	0.647952	0.000000	0.000000	0.0	1	-
0	0.604372	0.000000	0.000000	0.0	1	-
1	0.755016	1624.037398	86.677180	6.0	1	P41_06_notch
0	0.405140	0.000000	0.000000	0.0	1	-
0	0.740442	0.000000	0.000000	0.0	1	-
1	0.911659	1627.123555	210.503199	6.0	1	P41_04
0	0.739011	0.000000	0.000000	0.0	1	-
1	0.789028	1515.968019	289.679425	26.0	1	P41_03
0	0.634482	0.000000	0.000000	0.0	1	-
0	0.668481	0.000000	0.000000	0.0	1	-
0	0.582852	0.000000	0.000000	0.0	1	-
0	0.401343	0.000000	0.000000	0.0	1	-
0	0.782338	0.000000	0.000000	0.0	1	-
1	0.766384	1624.037398	120.562385	6.0	1	P41_06_notch
0	0.725915	0.000000	0.000000	0.0	1	-
0	0.446783	0.000000	0.000000	0.0	1	-
1	0.536000	1688.166110	26.667938	3.0	1	P41_02
1	0.942776	1624.037398	256.763242	6.0	1	P41_06_notch
0	0.434292	0.000000	0.000000	0.0	1	-
1	0.957708	1501.487343	349.062588	17.0	1	P41_05
1	0.894970	1515.968019	26.743367	26.0	1	P41_03
1	0.791368	1624.037398	269.607255	6.0	1	P41_06_notch
1	0.606045	1501.487343	311.260681	17.0	1	P41_05
0	0.953650	0.000000	0.000000	0.0	1	-
1	0.446853	1501.487343	398.104975	17.0	1	P41_05
1	0.762171	1501.487343	261.549033	17.0	1	P41_05
0	0.928965	0.000000	0.000000	0.0	1	-
1	0.770611	1688.166110	169.801582	3.0	1	P41_02
0	0.589237	0.000000	0.000000	0.0	1	-
0	0.586670	0.000000	0.000000	0.0	1	-
0	0.463132	0.000000	0.000000	0.0	1	-
0	0.406251	0.000000	0.000000	0.0	1	-
0	0.535550	0.000000	0.000000	0.0	1	-
0	0.873677	0.000000	0.000000	0.0	1	-
0	0.728135	0.000000	0.000000	0.0	1	-
0	0.740111	0.000000	0.000000	0.0	1	-
1	0.525623	1515.968019	312.119987	26.0	1	P41_03
1	0.401292	1627.123555	253.949380	6.0	1	P41_04
0	0.659119	0.000000	0.000000	0.0	1	-
1	0.782514	1681.461469	308.542358	2.0	1	P41_01
0	0.503428	0.000000	0.000000	0.0	1	-
1	0.793193	1627.123555	28.512044	6.0	1	P41_04
1	0.699870	1627.123555	299.534832	6.0	1	P41_04
0	0.945007	0.000000	0.000000	0.0	1	-
0	0.406224	0.000000	0.000000	0.0	1	-
1	0.654242	1515.968019	417.332442	26.0	1	P41_03
0	0.958859	0.000000	0.000000	0.0	1	-
0	0.487258	0.000000	0.000000	0.0	1	-
1	0.644437	1515.968019	181.920775	26.0	1	P41_03
0	0.485153	0.000000	0.000000	0.0	1	-
0	0.755943	0.000000	0.000000	0.0	1	-
1	0.402831	1627.123555	242.814996	6.0	1	P41_04
1	0.474840	1501.487343	264.191368	17.0	1	P41_05
0	0.483791	0.000000	0.000000	0.0	1	-
1	0.925709	1688.166110	387.473103	3.0	1	P41_02
0	0.923608	0.000000	0.000000	0.0	1	-
1	0.544403	1501.487343	310.431208	17.0	1	P41_05
0	0.836465	0.000000	0.000000	0.0	1	-
1	0.773045	1624.037398	36.533490	6.0	1	P41_06_notch
1	0.895110	1624.037398	215.744768	6.0	1	P41_06_notch
1	0.420520	1501.487343	394.709577	17.0	1	P41_05
0	0.488156	0.000000	0.000000	0.0	1	-
0	0.958026	0.000000	0.000000	0.0	1	-
1	0.845348	1681.461469	61.606100	2.0	1	P41_01
1	0.414217	1624.037398	22.433402	6.0	1	P41_06_notch
1	0.955871	1501.487343	412.518753	17.0	1	P41_05
1	0.504605	1627.123555	217.735848	6.0	1	P41_04
0	0.424583	0.000000	0.000000	0.0	1	-
0	0.802077	0.000000	0.000000	0.0	1	-
1	0.981166	1627.123555	442.619079	6.0	1	P41_04
0	0.447974	0.000000	0.000000	0.0	1	-
0	0.754546	0.000000	0.000000	0.0	1	-
0	0.753540	0.000000	0.000000	0.0	1	-
1	0.547926	1624.037398	142.721954	6.0	1	P41_06_notch
1	0.467026	1688.166110	195.477946	3.0	1	P41_02
0	0.791340	0.000000	0.000000	0.0	1	-
0	0.628501	0.000000	0.000000	0.0	1	-
0	0.796707	0.000000	0.000000	0.0	1	-
0	0.764841	0.000000	0.000000	0.0	1	-
1	0.664532	1627.123555	405.140030	6.0	1	P41_04
1	0.633880	1624.037398	73.096674	6.0	1	P41_06_notch
1	0.776373	1688.166110	37.611684	3.0	1	P41_02
0	0.952774	0.000000	0.000000	0.0	1	-
1	0.957461	1688.166110	41.683709	3.0	1	P41_02
1	0.537195	1515.968019	325.040988	26.0	1	P41_03
0	0.407287	0.000000	0.000000	0.0	1	-
0	0.556763	0.000000	0.000000	0.0	1	-
1	0.620549	1627.123555	37.290786	6.0	1	P41_04
1	0.652404	1501.487343	146.617654	17.0	1	P41_05
0	0.495143	0.000000	0.000000	0.0	1	-
0	0.616725	0.000000	0.000000	0.0	1	-
1	0.590055	1515.968019	359.531344	26.0	1	P41_03
0	0.755899	0.000000	0.000000	0.0	1	-
1	0.750030	1501.487343	291.972871	17.0	1	P41_05
1	0.605496	1501.487343	43.878241	17.0	1	P41_05
1	0.705406	1501.487343	329.420221	17.0	1	P41_05
0	0.827795	0.000000	0.000000	0.0	1	-
0	0.554052	0.000000	0.000000	0.0	1	-
1	0.800475	1501.487343	391.440443	17.0	1	P41_05
1	0.534781	1501.487343	37.342223	17.0	1	P41_05
0	0.820648	0.000000	0.000000	0.0	1	-
1	0.978752	1501.487343	133.345762	17.0	1	P41_05
1	0.478584	1681.461469	120.730440	2.0	1	P41_01
1	0.504436	1624.037398	196.411081	6.0	1	P41_06_notch
1	0.813345	1627.123555	71.457825	6.0	1	P41_04
0	0.934300	0.000000	0.000000	0.0	1	-
0	0.635365	0.000000	0.000000	0.0	1	-
0	0.866822	0.000000	0.000000	0.0	1	-
1	0.876685	1624.037398	258.330408	6.0	1	P41_06_notch
0	0.612070	0.000000	0.000000	0.0	1	-
1	0.505598	1681.461469	209.309712	2.0	1	P41_01
0	0.984644	0.000000	0.000000	0.0	1	-
1	0.938756	1501.487343	361.841643	17.0	1	P41_05
0	0.503940	0.000000	0.000000	0.0	1	-
0	0.718434	0.000000	0.000000	0.0	1	-
0	0.412101	0.000000	0.000000	0.0	1	-
1	0.948935	1501.487343	208.691858	17.0	1	P41_05
0	0.675184	0.000000	0.000000	0.0	1	-
1	0.862535	1688.166110	130.955740	3.0	1	P41_02
0	0.866259	0.000000	0.000000	0.0	1	-
1	0.719967	1501.487343	253.077361	17.0	1	P41_05
1	0.701720	1515.968019	74.082663	26.0	1	P41_03
0	0.483162	0.000000	0.000000	0.0	1	-
0	0.847000	0.000000	0.000000	0.0	1	-
0	0.428846	0.000000	0.000000	0.0	1	-
1	0.583297	1501.487343	369.234408	17.0	1	P41_05
0	0.671449	0.000000	0.000000	0.0	1	-
0	0.801746	0.000000	0.000000	0.0	1	-
1	0.916871	1624.037398	242.963521	6.0	1	P41_06_notch
1	0.693698	1627.123555	192.164679	6.0	1	P41_04
1	0.737022	1627.123555	94.638805	6.0	1	P41_04
0	0.726824	0.000000	0.000000	0.0	1	-
1	0.628113	1627.123555	126.366014	6.0	1	P41_04
1	0.488892	1624.037398	294.635543	6.0	1	P41_06_notch
1	0.573282	1624.037398	268.978050	6.0	1	P41_06_notch
0	0.414804	0.000000	0.000000	0.0	1	-
0	0.910141	0.000000	0.000000	0.0	1	-
1	0.883678	1624.037398	374.968036	6.0	1	P41_06_notch
0	0.999923	0.000000	0.000000	0.0	1	-
0	0.940916	0.000000	0.000000	0.0	1	-
1	0.540193	1681.461469	334.813307	2.0	1	P41_01
1	0.761076	1515.968019	189.754445	26.0	1	P41_03
1	0.485752	1688.166110	196.059690	3.0	1	P41_02
1	0.559864	1624.037398	399.325066	6.0	1	P41_06_notch
0	0.810516	0.000000	0.000000	0.0	1	-
1	0.841726	1515.968019	336.835821	26.0	1	P41_03
0	0.493288	0.000000	0.000000	0.0	1	-
1	0.657008	1501.487343	409.604675	17.0	1	P41_05
0	0.675366	0.000000	0.000000	0.0	1	-
1	0.580650	1688.166110	434.681654	3.0	1	P41_02
0	0.859313	0.000000	0.000000	0.0	1	-
1	0.846634	1624.037398	309.377088	6.0	1	P41_06_notch
1	0.976114	1627.123555	200.956175	6.0	1	P41_04
1	0.618586	1688.166110	12.998619	3.0	1	P41_02
0	0.692516	0.000000	0.000000	0.0	1	-
1	0.950323	1515.968019	219.572985	26.0	1	P41_03
0	0.433773	0.000000	0.000000	0.0	1	-
1	0.885811	1627.123555	306.062743	6.0	1	P41_04
0	0.815808	0.000000	0.000000	0.0	1	-
1	0.757839	1624.037398	273.262518	6.0	1	P41_06_notch
1	0.693758	1627.123555	196.102388	6.0	1	P41_04
0	0.434688	0.000000	0.000000	0.0	1	-
1	0.681164	1515.968019	132.478098	26.0	1	P41_03
1	0.681183	1501.487343	311.131797	17.0	1	P41_05
1	0.892699	1681.461469	420.968987	2.0	1	P41_01
0	0.404490	0.000000	0.000000	0.0	1	-
0	0.874655	0.000000	0.000000	0.0	1	-
0	0.995779	0.000000	0.000000	0.0	1	-
1	0.914350	1627.123555	346.755377	6.0	1	P41_04
0	0.532670	0.000000	0.000000	0.0	1	-
0	0.566847	0.000000	0.000000	0.0	1	-
1	0.421643	1515.968019	359.806904	26.0	1	P41_03
1	0.445903	1627.123555	17.493673	6.0	1	P41_04
0	0.957906	0.000000	0.000000	0.0	1	-
1	0.834615	1681.461469	204.794795	2.0	1	P41_01
0	0.791790	0.000000	0.000000	0.0	1	-
1	0.848059	1688.166110	284.114691	3.0	1	P41_02
1	0.852384	1624.037398	238.333905	6.0	1	P41_06_notch
0	0.875476	0.000000	0.000000	0.0	1	-
0	0.855147	0.000000	0.000000	0.0	1	-
0	0.702052	0.000000	0.000000	0.0	1	-
1	0.630818	1681.461469	157.637969	2.0	1	P41_01
0	0.733036	0.000000	0.000000	0.0	1	-
0	0.516452	0.000000	0.000000	0.0	1	-
0	0.695422	0.000000	0.000000	0.0	1	-
1	0.608407	1501.487343	245.474351	17.0	1	P41_05
1	0.762930	1627.123555	378.528170	6.0	1	P41_04
0	0.983194	0.000000	0.000000	0.0	1	-
0	0.495964	0.000000	0.000000	0.0	1	-
1	0.537798	1515.968019	43.801913	26.0	1	P41_03
0	0.689325	0.000000	0.000000	0.0	1	-
1	0.936729	1627.123555	248.679260	6.0	1	P41_04
0	0.481629	0.000000	0.000000	0.0	1	-
0	0.946345	0.000000	0.000000	0.0	1	-
1	0.738620	1688.166110	330.861117	3.0	1	P41_02
1	0.631049	1624.037398	312.779174	6.0	1	P41_06_notch
1	0.452446	1688.166110	57.722526	3.0	1	P41_02
0	0.896369	0.000000	0.000000	0.0	1	-
1	0.766106	1681.461469	277.322352	2.0	1	P41_01
1	0.689077	1627.123555	420.938774	6.0	1	P41_04
0	0.725275	0.000000	0.000000	0.0	1	-
0	0.958953	0.000000	0.000000	0.0	1	-
0	0.834805	0.000000	0.000000	0.0	1	-
0	0.487005	0.000000	0.000000	0.0	1	-
0	0.801242	0.000000	0.000000	0.0	1	-
1	0.897672	1515.968019	394.163499	26.0	1	P41_03
1	0.856103	1688.166110	60.008608	3.0	1	P41_02
1	0.645512	1515.968019	100.884213	26.0	1	P41_03
0	0.769857	0.000000	0.000000	0.0	1	-
1	0.976948	1681.461469	50.527335	2.0	1	P41_01
1	0.784861	1515.968019	339.556196	26.0	1	P41_03
0	0.682240	0.000000	0.000000	0.0	1	-
0	0.431538	0.000000	0.000000	0.0	1	-
0	0.941225	0.000000	0.000000	0.0	1	-
0	0.658243	0.000000	0.000000	0.0	1	-
1	0.550646	1515.968019	113.816269	26.0	1	P41_03
0	0.875759	0.000000	0.000000	0.0	1	-
0	0.491787	0.000000	0.000000	0.0	1	-
1	0.470334	1515.968019	150.549630	26.0	1	P41_03
0	0.442030	0.000000	0.000000	0.0	1	-
0	0.847282	0.000000	0.000000	0.0	1	-
0	0.462704	0.000000	0.000000	0.0	1	-
1	0.850500	1688.166110	321.662086	3.0	1	P41_02
0	0.952203	0.000000	0.000000	0.0	1	-
0	0.782182	0.000000	0.000000	0.0	1	-
1	0.563761	1624.037398	320.777711	6.0	1	P41_06_notch
0	0.943173	0.000000	0.000000	0.0	1	-
0	0.677573	0.000000	0.000000	0.0	1	-
0	0.552463	0.000000	0.000000	0.0	1	-
0	0.717975	0.000000	0.000000	0.0	1	-
1	0.796141	1681.461469	96.306454	2.0	1	P41_01
1	0.433216	1688.166110	400.464980	3.0	1	P41_02
0	0.706704	0.000000	0.000000	0.0	1	-
1	0.544462	1501.487343	328.790650	17.0	1	P41_05
0	0.810690	0.000000	0.000000	0.0	1	-
0	0.856122	0.000000	0.000000	0.0	1	-
0	0.941315	0.000000	0.000000	0.0	1	-
0	0.595847	0.000000	0.000000	0.0	1	-
1	0.952038	1681.461469	378.294349	2.0	1	P41_01
1	0.792870	1627.123555	339.173223	6.0	1	P41_04
0	0.614091	0.000000	0.000000	0.0	1	-
1	0.683426	1681.461469	74.917056	2.0	1	P41_01
0	0.857988	0.000000	0.000000	0.0	1	-
1	0.910723	1627.123555	383.764405	6.0	1	P41_04
0	0.669499	0.000000	0.000000	0.0	1	-
1	0.753837	1688.166110	373.624687	3.0	1	P41_02
0	0.519274	0.000000	0.000000	0.0	1	-
1	0.422129	1627.123555	136.878632	6.0	1	P41_04
0	0.688043	0.000000	0.000000	0.0	1	-
1	0.884546	1627.123555	58.384748	6.0	1	P41_04
0	0.702866	0.000000	0.000000	0.0	1	-
1	0.683229	1501.487343	2.121695	17.0	1	P41_05
0	0.750759	0.000000	0.000000	0.0	1	-
0	0.674036	0.000000	0.000000	0.0	1	-
0	0.778607	0.000000	0.000000	0.0	1	-
1	0.816918	1624.037398	242.152623	6.0	1	P41_06_notch
0	0.581864	0.000000	0.000000	0.0	1	-
1	0.627905	1515.968019	107.441767	26.0	1	P41_03
0	0.572448	0.000000	0.000000	0.0	1	-
1	0.583479	1501.487343	90.745848	17.0	1	P41_05
0	0.933846	0.000000	0.000000	0.0	1	-
0	0.903388	0.000000	0.000000	0.0	1	-
1	0.497956	1681.461469	93.645056	2.0	1	P41_01
0	0.667394	0.000000	0.000000	0.0	1	-
0	0.694063	0.000000	0.000000	0.0	1	-
0	0.473763	0.000000	0.000000	0.0	1	-
1	0.581299	1681.461469	52.037697	2.0	1	P41_01
0	0.972218	0.000000	0.000000	0.0	1	-
1	0.791876	1627.123555	113.775686	6.0	1	P41_04
0	0.573645	0.000000	0.000000	0.0	1	-
1	0.442117	1624.037398	253.432432	6.0	1	P41_06_notch
0	0.572486	0.000000	0.000000	0.0	1	-
0	0.638138	0.000000	0.000000	0.0	1	-
1	0.646385	1624.037398	404.857722	6.0	1	P41_06_notch
0	0.520660	0.000000	0.000000	0.0	1	-
1	0.440010	1515.968019	32.129389	26.0	1	P41_03
0	0.730366	0.000000	0.000000	0.0	1	-
1	0.450444	1681.461469	232.785530	2.0	1	P41_01
1	0.600074	1681.461469	245.433804	2.0	1	P41_01
0	0.660016	0.000000	0.000000	0.0	1	-
0	0.938212	0.000000	0.000000	0.0	1	-
1	0.842790	1515.968019	0.597705	26.0	1	P41_03
0	0.480327	0.000000	0.000000	0.0	1	-
1	0.925978	1515.968019	98.401729	26.0	1	P41_03
0	0.563497	0.000000	0.000000	0.0	1	-
0	0.659579	0.000000	0.000000	0.0	1	-
1	0.982306	1688.166110	244.784179	3.0	1	P41_02
0	0.755765	0.000000	0.000000	0.0	1	-
1	0.424954	1627.123555	0.779848	6.0	1	P41_04
1	0.598837	1681.461469	439.086463	2.0	1	P41_01
0	0.400367	0.000000	0.000000	0.0	1	-
0	0.710824	0.000000	0.000000	0.0	1	-
0	0.570286	0.000000	0.000000	0.0	1	-
0	0.811106	0.000000	0.000000	0.0	1	-
0	0.892306	0.000000	0.000000	0.0	1	-
0	0.979092	0.000000	0.000000	0.0	1	-
0	0.439353	0.000000	0.000000	0.0	1	-
0	0.967090	0.000000	0.000000	0.0	1	-
0	0.624959	0.000000	0.000000	0.0	1	-
0	0.594665	0.000000	0.000000	0.0	1	-
0	0.594471	0.000000	0.000000	0.0	1	-
0	0.416560	0.000000	0.000000	0.0	1	-
0	0.469724	0.000000	0.000000	0.0	1	-
0	0.576775	0.000000	0.000000	0.0	1	-
1	0.483811	1501.487343	255.141955	17.0	1	P41_05
0	0.751635	0.000000	0.000000	0.0	1	-
0	0.621831	0.000000	0.000000	0.0	1	-
0	0.468096	0.000000	0.000000	0.0	1	-
0	0.433222	0.000000	0.000000	0.0	1	-
1	0.764101	1688.166110	417.918420	3.0	1	P41_02
0	0.840014	0.000000	0.000000	0.0	1	-
1	0.408642	1515.968019	0.899072	26.0	1	P41_03
0	0.467632	0.000000	0.000000	0.0	1	-
1	0.911472	1515.968019	214.897647	26.0	1	P41_03
1	0.753402	1681.461469	220.192053	2.0	1	P41_01
0	0.842443	0.000000	0.000000	0.0	1	-
0	0.683592	0.000000	0.000000	0.0	1	-
1	0.428280	1627.123555	7.716254	6.0	1	P41_04
1	0.903227	1624.037398	68.458567	6.0	1	P41_06_notch
0	0.683804	0.000000	0.000000	0.0	1	-
1	0.721517	1501.487343	253.713494	17.0	1	P41_05
0	0.726281	0.000000	0.000000	0.0	1	-
1	0.665237	1515.968019	317.525575	26.0	1	P41_03
1	0.764908	1681.461469	434.028309	2.0	1	P41_01
1	0.503958	1501.487343	327.618142	17.0	1	P41_05
0	0.713925	0.000000	0.000000	0.0	1	-
1	0.958542	1515.968019	335.330151	26.0	1	P41_03
1	0.624703	1624.037398	293.994390	6.0	1	P41_06_notch
1	0.420651	1501.487343	412.346811	17.0	1	P41_05
1	0.769948	1515.968019	413.719590	26.0	1	P41_03
0	0.913404	0.000000	0.000000	0.0	1	-
0	0.746617	0.000000	0.000000	0.0	1	-
0	0.423817	0.000000	0.000000	0.0	1	-
1	0.560934	1501.487343	111.277591	17.0	1	P41_05
1	0.908334	1501.487343	217.119763	17.0	1	P41_05
0	0.722855	0.000000	0.000000	0.0	1	-
1	0.510279	1627.123555	64.535254	6.0	1	P41_04
1	0.628674	1688.166110	425.091009	3.0	1	P41_02
0	0.638291	0.000000	0.000000	0.0	1	-
1	0.847890	1681.461469	422.397155	2.0	1	P41_01
0	0.536794	0.000000	0.000000	0.0	1	-
1	0.853989	1515.968019	180.616911	26.0	1	P41_03
1	0.794926	1681.461469	242.242948	2.0	1	P41_01
0	0.958387	0.000000	0.000000	0.0	1	-
0	0.638562	0.000000	0.000000	0.0	1	-
0	0.617343	0.000000	0.000000	0.0	1	-
0	0.821798	0.000000	0.000000	0.0	1	-
1	0.970196	1624.037398	265.504843	6.0	1	P41_06_notch
0	0.753574	0.000000	0.000000	0.0	1	-
0	0.774876	0.000000	0.000000	0.0	1	-
1	0.878096	1501.487343	302.157090	17.0	1	P41_05
1	0.683035	1627.123555	377.068015	6.0	1	P41_04
1	0.943298	1515.968019	357.821585	26.0	1	P41_03
0	0.913854	0.000000	0.000000	0.0	1	-
0	0.779072	0.000000	0.000000	0.0	1	-
1	0.577111	1624.037398	266.995246	6.0	1	P41_06_notch
1	0.976290	1624.037398	171.589044	6.0	1	P41_06_notch
1	0.954569	1627.123555	215.905994	6.0	1	P41_04
1	0.954535	1501.487343	12.944877	17.0	1	P41_05
1	0.599497	1681.461469	65.909293	2.0	1	P41_01
1	0.778674	1624.037398	403.658680	6.0	1	P41_06_notch
0	0.970472	0.000000	0.000000	0.0	1	-
1	0.816827	1501.487343	178.732098	17.0	1	P41_05
